0026578 1.75283000
0040962 1.77681000
0049945 1.74610000
0069965 1.75698000
0074418 1.75236000
0108399 1.77569000
0112047 1.75068000
0112175 1.74965000
0117069 1.75421000
0121501 1.77577000
0121564 1.77169000
0121681 1.77637000
0121685 1.75599000
0121731 1.75823000
0121915 1.74714000
0121986 1.76487000
0122016 1.76894000
0122188 1.76517000
0122191 1.74272000
0122235 1.76721000
0122268 1.77195000
0122281 1.76295000
0122285 1.75492000
0122347 1.76243000
0122379 1.74099000
0122466 1.76571000
0122596 1.74552000
0122892 1.76830000
0122903 1.74703000
