0122224
0112119
0121568
0122275
0122752
0121922
0111901
0122498
0122537
0121773
0121932
0122893
0121671
0121722
0121761
0111941
0121459
0121546
0121985
0122234
0111965
0121958
0122775
0122875
0121689
0121788
0122054
0122168
0122329
0122837
0121525
0121756
0121799
0122028
0122369
0122439
0122456
0122660
0122751
0121481
0121968
0122007
0122010
0122257
0122311
0122548
0122586
0122611
0076998
0121850
0122422
0122623
0098607
0107239
0108161
0121511
0121678
0121939
0122324
0122746
0121441
0121676
0121742
0121872
0121875
0122004
0122163
0122890
0121766
0121776
0121821
0121987
0122077
0122766
0122827
0112014
0121512
0121972
0122141
0122180
0122245
0122305
0122310
0122581
0122688
0122901
0121433
0121435
0121916
0121981
0122034
0122135
0122527
0122763
0122900
0112070
0121655
0122189
0122345
0122396
0112054
0112126
0112172
0121735
0121809
0122306
0111949
0121636
0121672
0122452
0122653
0075905
0090375
0107153
0122608
0121609
0121856
0121901
0122084
0122725
0122914
0028730
0057183
0112113
0121601
0121874
0121955
0122321
0122478
0122924
0073418
0121748
0122111
0122449
0122594
0057386
0107574
0121861
0122035
0105718
0121974
0122416
0122587
0100787
0122026
0122244
0122307
0122694
0111280
0122018
0122776
0079858
0086099
0098483
0113740
0122663
0016484
0034334
0065986
0112170
0120276
0121576
0101824
0111916
0049788
0045371
0060597
0104554
0114229
0025566
0121428
0122167
0122791
0008011
0084662
0104496
0107356
0112041
0117261
0121745
0121771
0006130
0099136
0069397
0120470
0031267
0033053
0035974
0025573
0059216
0065704
0111046
0113692
0069425
0118288
0081731
0064101
0082482
0027674
0113509
0002029
0093246
0117431
0044698
0051004
0108431
0061096
0099675
0008099
0010664
0043362
0001991
0032611
0074571
0099193
0117258
0001137
0009421
0049247
0079364
0090047
0096992
0003560
0104466
0087748
0082766
0042539
0046408
0072885
0078240
0080890
0102299
0114962
0123019
0007715
0035957
0051114
0124418
0054360
0008061
0070568
0055644
0010013
0014323
0034282
0097585
0117828
0061998
0096700
0105181
0014015
0096994
0072130
0074330
0078855
0086775
0056115
0059490
0062465
0115714
0006851
0088503
0102835
0042741
0061704
0045383
0118894
0044784
0113322
0062668
0051850
0114823
0079629
0050817
0053475
0066231
0104169
0015252
0025933
0101476
0017837
0121885
0122670
0122780
0121905
0121839
0122369
0121958
0122668
0122220
0121750
0121655
0112104
0122045
0122640
0122310
0122405
0122439
0122163
0122528
0121698
0121678
0121773
0121441
0122199
0121872
0122100
0122395
0121828
0112111
0112103
0121474
0122766
0111964
0121875
0122581
0121659
0121930
0122095
0121658
0122678
0121952
0121830
0121922
0122657
0122606
0121676
0121507
0112073
0112033
0122825
0121987
0121511
0122034
0121575
0122180
0122619
0122077
0122004
0121932
0121722
0122257
0112136
0122571
0122420
0122324
0121916
0121979
0121786
0121600
0122275
0122618
0122690
0121981
0121435
0122674
0121691
0122054
0121599
0121640
0121456
0122422
0122752
0121913
0122232
0122050
0122645
0122270
0122689
0122251
0122697
0122224
0122317
0111955
0121822
0122487
0122527
0121972
0112147
0122411
0122245
0122298
0121452
0122801
0112087
0122135
0122518
0122408
0122537
0121689
0121761
0122685
0111980
0122010
0121870
0122755
0122234
0121940
0122434
0122629
0121985
0121481
0121763
0122329
0122286
0122635
0122761
0122014
0121520
0121808
0121950
0122460
0121514
0121873
0122751
0122233
0121552
0122705
0121492
0122593
0122756
0122121
0122124
0122424
0121486
0121735
0122688
0121939
0121901
0122900
0122189
0121799
0122660
0122890
0122548
0122305
0121968
0122623
0122007
0121459
0122837
0121671
0121742
0122168
0122875
0121766
0122901
0122746
0122611
0121546
0122586
0121850
0122311
0121821
0121788
