0001137
0001991
0002029
0003560
0006130
0006851
0007715
0008011
0008061
0008099
0009421
0010013
0010664
0014015
0014323
0015252
0016484
0017837
0025566
0025573
0025933
0027674
0028730
0031267
0032611
0033053
0034282
0034334
0035957
0035974
0042539
0042741
0043362
0044698
0044784
0045371
0045383
0046408
0049247
0049788
0050817
0051004
0051114
0051850
0053475
0054360
0055644
0056115
0057133
0057183
0057386
0059216
0059490
0060597
0061096
0061704
0061998
0062465
0062668
0064101
0065704
0065986
0066231
0069397
0069425
0070568
0072130
0072885
0073418
0074330
0074571
0075905
0076998
0078240
0078855
0079364
0079629
0079858
0080890
0081731
0082482
0082766
0084662
0086099
0086775
0087748
0088503
0090047
0090375
0093246
0096700
0096992
0096994
0097585
0098483
0098607
0099136
0099193
0099675
0100787
0101476
0101824
0102299
0102835
0104169
0104466
0104496
0104554
0105181
0105718
0107153
0107239
0107356
0107574
0108161
0108431
0111046
0111280
0111901
0111916
0111917
0111941
0111949
0111965
0112014
0112041
0112054
0112070
0112113
0112119
0112126
0112131
0112170
0112172
0112183
0113322
0113509
0113692
0113740
0114229
0114823
0114962
0115714
0117258
0117261
0117431
0117828
0118288
0118894
0120276
0120470
0121428
0121433
0121435
0121441
0121442
0121455
0121459
0121481
0121511
0121512
0121514
0121515
0121525
0121546
0121552
0121564
0121568
0121576
0121600
0121601
0121603
0121609
0121615
0121636
0121655
0121658
0121671
0121672
0121675
0121676
0121678
0121689
0121722
0121735
0121742
0121745
0121748
0121756
0121761
0121766
0121771
0121773
0121776
0121788
0121799
0121809
0121821
0121830
0121843
0121850
0121856
0121861
0121872
0121873
0121874
0121875
0121882
0121901
0121916
0121922
0121932
0121939
0121952
0121955
0121958
0121968
0121972
0121974
0121981
0121985
0121987
0122004
0122007
0122010
0122016
0122017
0122018
0122026
0122028
0122034
0122035
0122050
0122054
0122077
0122084
0122095
0122111
0122135
0122141
0122163
0122167
0122168
0122180
0122189
0122220
0122224
0122234
0122244
0122245
0122257
0122275
0122298
0122305
0122306
0122307
0122310
0122311
0122321
0122324
0122329
0122345
0122369
0122396
0122416
0122422
0122439
0122449
0122452
0122456
0122478
0122498
0122518
0122525
0122527
0122537
0122548
0122581
0122586
0122587
0122594
0122608
0122611
0122618
0122623
0122653
0122659
0122660
0122661
0122663
0122685
0122688
0122689
0122694
0122725
0122746
0122751
0122752
0122756
0122763
0122766
0122775
0122776
0122782
0122791
0122794
0122795
0122827
0122829
0122837
0122855
0122875
0122890
0122893
0122895
0122900
0122901
0122905
0122914
0122915
0122924
0123019
0124418
