0122224 0
0112119 0
0121568 0
0122275 0
0122752 0
0121922 0
0111901 0
0122498 0
0122537 0
0121773 0
0121932 0
0122893 0
0121671 1
0121722 0
0122434 0
0112084 0
0095835 0
0121761 0
0112115 0
0111923 0
0111941 0
0122232 0
0111917 0
0121546 1
0122234 0
0121459 1
0121985 0
0122518 0
0112177 0
0111965 0
0121950 0
0122875 1
0121958 0
0112136 0
0122775 0
0121788 1
0122168 1
0122233 0
0121940 0
0122054 0
0122837 1
0122329 0
0111980 0
0121689 0
0122751 0
0122028 0
0122369 0
0111955 0
0121799 1
0121756 0
0122439 0
0122456 0
0122660 1
0121525 0
0122257 0
0121486 0
0122311 1
0122007 1
0121968 1
0122548 1
0122586 1
0122611 1
0122010 0
0121599 0
0121481 0
0122014 0
0122100 0
0122623 1
0122422 0
0122424 0
0122705 0
0112147 0
0122286 0
0076998 0
0122690 0
0121850 1
0122124 0
0122460 0
0122317 0
0121939 1
0122541 0
0108161 0
0121511 0
0098607 0
0122593 0
0121678 0
0122746 1
0121492 0
0121514 0
0122324 0
0107239 0
0072486 0
0122411 0
0121441 0
0122756 0
0122121 0
0122629 0
0121979 0
0121875 0
0121474 0
0121872 0
0121742 1
0122004 0
0122755 0
0121870 0
0121676 0
0121640 0
0122890 1
0122420 0
0122163 0
0112104 0
0112156 0
0122825 0
0112069 0
0122827 0
0122408 0
0121600 0
0121808 0
0122635 0
0121776 0
0122050 0
0121698 0
0121923 0
0122077 0
0121766 1
0121688 0
0121987 0
0122766 0
0121821 1
0121791 0
0122305 1
0111967 0
0111964 0
0122761 0
0121972 0
0122901 1
0122487 0
0121873 0
0122245 0
0112103 0
0112111 0
0122180 0
0121507 0
0112014 0
0122141 0
0122310 0
0121512 0
0122581 0
0121552 0
0122688 1
0122135 0
0122900 1
0122645 0
0122270 0
0122298 0
0121916 0
0112087 0
0122527 0
0121433 0
0122685 0
0121658 0
0122251 0
0121435 0
0121913 0
0122034 0
0122674 0
0074384 0
0121981 0
0121822 0
0122535 0
0121763 0
0122801 0
0121983 0
0122763 0
0121655 0
0122345 0
0121635 0
0122618 0
0121780 0
0122689 0
0122104 0
0122657 0
0112096 0
0121456 0
0122396 0
0122017 0
0122640 0
0112046 0
0122780 0
0121970 0
0121452 0
0122302 0
0121665 0
0122189 1
0121691 0
0122571 0
0122678 0
0121520 0
0121515 0
0122564 0
0112070 0
0122087 0
0121484 0
0122412 0
0122306 0
0121952 0
0122199 0
0121465 0
0121794 0
0121715 0
0112036 0
0122521 0
0112126 0
0112054 0
0122894 0
0112172 0
0122784 0
0121809 0
0122668 0
0122843 0
0121812 0
0121735 1
0088962 0
0122558 0
0122203 0
0112062 0
0121786 0
0112123 0
0122697 0
0122772 0
0112175 0
0121530 0
0121834 0
0122116 0
0082887 0
0122723 0
0111936 0
0121575 0
0122452 0
0122528 0
0122159 0
0122293 0
0122803 0
0122131 0
0122076 0
0121792 0
0121672 0
0121879 0
0121533 0
0122337 0
0122065 0
0121782 0
0122653 0
0111949 0
0105809 0
0122606 0
0121636 0
0121778 0
0122303 0
0122393 0
0112033 0
0122845 0
0122405 0
0122898 0
0112073 0
0122574 0
0122266 0
0107827 0
0121765 0
0122532 0
0121661 0
0122724 0
0122812 0
0107153 0
0086407 0
0098623 0
0122514 0
0121926 0
0121695 0
0075905 0
0122608 0
0097731 0
0090375 0
0122358 0
0121910 0
0102286 0
0122556 0
0121839 0
0068918 0
0121992 0
0122045 0
0080353 0
0095139 0
0122220 0
0122084 0
0112127 0
0095000 0
0121609 0
0112094 0
0121856 0
0122914 0
0122910 0
0122097 0
0121901 1
0121971 0
0122241 0
0121779 0
0121644 0
0112122 0
0122908 0
0122471 0
0121659 0
0122725 0
0122692 0
0122259 0
0011765 0
0121668 0
0121565 0
0121930 0
0122829 0
0122088 0
0121955 0
0121601 0
0071852 0
0122924 0
0122754 0
0121823 0
0121853 0
0121830 0
0121862 0
0066149 0
0022184 0
0112113 0
0121522 0
0121738 0
0028730 0
0057183 0
0122321 0
0121687 0
0122106 0
0121845 0
0121905 0
0020105 0
0121917 0
0122395 0
0122478 0
0122095 0
0121874 0
0122904 0
0121749 0
0122039 0
0112131 0
0122313 0
0121748 0
0122794 0
0122769 0
0021892 0
0122661 0
0073418 0
0121965 0
0122552 0
0121885 0
0122111 0
0091619 0
0122615 0
0122323 0
0122813 0
0122594 0
0122382 0
0122696 0
0121521 0
0122449 0
0122895 0
0122219 0
0122151 0
0121828 0
0121967 0
0122096 0
0122433 0
0122157 0
0122868 0
0095685 0
0122024 0
0110338 0
0032517 0
0122524 0
0086739 0
0122781 0
0017871 0
0017047 0
0107574 0
0084289 0
0057386 0
0122604 0
0032239 0
0121935 0
0121861 0
0122035 0
0121997 0
0111998 0
0121878 0
0121990 0
0122583 0
0114754 0
0121617 0
0121947 0
0112161 0
0035797 0
0122037 0
0017244 0
0121653 0
0122160 0
0027840 0
0111954 0
0082371 0
0122848 0
0025235 0
0012756 0
0032951 0
0122432 0
0121660 0
0111599 0
0076307 0
0047918 0
0121679 0
0065988 0
0105718 0
0085195 0
0122587 0
0087746 0
0109317 0
0121974 0
0122128 0
0015050 0
0091221 0
0122416 0
0087507 0
0023613 0
0087871 0
0122828 0
0086475 0
0122244 0
0011658 0
0122862 0
0053144 0
0019842 0
0121297 0
0100787 0
0076363 0
0001141 0
0122858 0
0121460 0
0121401 0
0111970 0
0122143 0
0122854 0
0084208 0
0122307 0
0105644 0
0122462 0
0055075 0
0094361 0
0050220 0
0122026 0
0122654 0
0122694 0
0089510 0
0030169 0
0040632 0
0014311 0
0122360 0
0035505 0
0122217 0
0031842 0
0122516 0
0025020 0
0016659 0
0122018 0
0112139 0
0121685 0
0091276 0
0035221 0
0121466 0
0027692 0
0019828 0
0111280 0
0121848 0
0108999 0
0122314 0
0021230 0
0055326 0
0038994 0
0017371 0
0076543 0
0100600 0
0037408 0
0029441 0
0095321 0
0042367 0
0109048 0
0122361 0
0006496 0
0111990 0
0121656 0
0122023 0
0121938 0
0089681 0
0107832 0
0031477 0
0073210 0
0069217 0
0097022 0
0121478 0
0058245 0
0008894 0
0121641 0
0047600 0
0038344 0
0089237 0
0092679 0
0097464 0
0011890 0
0026228 0
0043897 0
0111966 0
0079409 0
0039657 0
0122776 0
0112167 0
0125283 0
0121743 0
0111412 0
0121455 0
0018599 0
0098483 0
0086601 0
0098039 0
0121513 0
0090262 0
0090818 0
0121681 0
0086099 0
0028193 0
0112637 0
0122778 0
0081088 0
0122427 0
0088613 0
0112030 0
0113740 0
0011757 0
0123663 0
0079858 0
0122366 0
0097425 0
0121986 0
0011270 0
0122394 0
0122052 0
0074860 0
0122663 0
0122001 0
0016484 0
0093643 0
0068305 0
0122531 0
0122086 0
0065986 0
0014266 0
0034334 0
0121537 0
0120276 0
0122193 0
0122346 0
0112170 0
0054438 0
0043157 0
0035448 0
0112108 0
0050071 0
0122841 0
0066668 0
0109549 0
0030931 0
0040112 0
0111948 0
0119914 0
0122605 0
0069885 0
0015976 0
0122047 0
0121562 0
0019715 0
0076596 0
0111856 0
0022279 0
0122269 0
0028245 0
0019260 0
0075180 0
0086872 0
0073790 0
0080299 0
0033182 0
0013757 0
0121883 0
0086812 0
0070696 0
0016161 0
0121928 0
0065240 0
0080257 0
0123916 0
0044126 0
0011599 0
0026079 0
0025392 0
0121576 0
0061924 0
0121797 0
0105422 0
0112204 0
0101824 0
0121998 0
0079631 0
0111916 0
0072660 0
0112021 0
0089091 0
0058631 0
0097994 0
0011583 0
0087769 0
0071988 0
0066724 0
0122710 0
0058332 0
0070992 0
0096294 0
0096426 0
0122350 0
0026622 0
0122637 0
0096316 0
0105659 0
0111063 0
0027813 0
0019189 0
0085416 0
0025916 0
0103882 0
0029017 0
0122598 0
0082009 0
0096121 0
0097158 0
0049788 0
0122145 0
0121716 0
0122544 0
0021684 0
0079111 0
0121951 0
0110814 0
0112210 0
0079875 0
0122370 0
0091772 0
0057571 0
0013164 0
0097138 0
0099699 0
0111987 0
0122880 0
0112152 0
0122620 0
0121476 0
0029632 0
0119750 0
0077818 0
0122455 0
0075665 0
0122289 0
0058133 0
0079202 0
0111938 0
0024993 0
0042082 0
0090629 0
0076778 0
0045371 0
0020452 0
0112107 0
0122171 0
0114229 0
0104554 0
0122063 0
0102436 0
0122877 0
0109269 0
0034043 0
0093618 0
0121757 0
0110815 0
0021512 0
0060597 0
0086275 0
0122129 0
0099123 0
0111958 0
0112082 0
0110989 0
0099419 0
0068673 0
0121781 0
0090053 0
0122091 0
0122667 0
0025566 0
0122821 0
0034027 0
0018595 0
0091434 0
0122247 0
0035157 0
0029351 0
0021281 0
0121969 0
0122073 0
0121428 0
0122261 0
0089858 0
0122791 0
0080460 0
0122167 0
0063669 0
0123668 0
0122835 0
0066297 0
0121501 0
0038705 0
0112208 0
0014304 0
0122573 0
0012477 0
0025460 0
0008011 0
0121573 0
0088728 0
0058503 0
0035006 0
0116625 0
0121929 0
0121771 0
0112041 0
0121543 0
0117261 0
0094303 0
0107356 0
0121882 0
0112132 0
0060622 0
0041921 0
0121745 0
0122281 0
0112941 0
0084662 0
0122049 0
0104496 0
0121817 0
0121865 0
0124863 0
0082749 0
0087694 0
0058877 0
0114002 0
0010976 0
0071843 0
0019291 0
0009361 0
0053465 0
0044023 0
0066846 0
0066658 0
0073702 0
0002874 0
0003722 0
0107444 0
0054138 0
0043428 0
0053019 0
0017046 0
0124517 0
0085188 0
0006130 0
0105168 0
0090089 0
0099136 0
0074575 0
0071851 0
0122840 0
0087874 0
0102939 0
0051907 0
0021211 0
0086682 0
0002280 0
0007727 0
0046077 0
0114072 0
0055512 0
0096884 0
0073781 0
0120824 0
0120470 0
0069397 0
0111548 0
0111902 0
0124535 0
0071134 0
0042720 0
0048939 0
0051898 0
0018312 0
0056347 0
0046184 0
0100707 0
0016293 0
0124192 0
0092108 0
0053117 0
0022778 0
0078219 0
0051075 0
0037504 0
0039523 0
0035974 0
0033217 0
0094302 0
0099058 0
0061789 0
0070493 0
0113813 0
0047719 0
0002564 0
0048975 0
0052773 0
0023838 0
0070318 0
0000869 0
0122493 0
0118616 0
0026662 0
0082598 0
0033053 0
0103633 0
0067054 0
0031267 0
0096490 0
0101310 0
0031964 0
0014112 0
0088219 0
0065704 0
0045092 0
0113692 0
0037264 0
0092936 0
0059216 0
0083077 0
0099087 0
0019788 0
0065143 0
0006946 0
0027760 0
0043104 0
0025573 0
0116288 0
0021937 0
0065257 0
0059514 0
0111046 0
0053787 0
0064226 0
0039358 0
0117884 0
0019759 0
0004366 0
0125064 0
0056908 0
0013516 0
0010305 0
0055731 0
0045492 0
0039494 0
0007494 0
0121633 0
0078780 0
0106918 0
0008404 0
0057541 0
0107002 0
0072145 0
0000643 0
0010844 0
0099086 0
0071350 0
0069425 0
0118511 0
0086718 0
0112280 0
0046423 0
0087229 0
0096233 0
0011929 0
0118288 0
0035007 0
0068967 0
0089849 0
0025913 0
0111693 0
0074615 0
0027075 0
0029571 0
0021622 0
0073989 0
0036818 0
0068500 0
0000576 0
0011278 0
0108503 0
0072819 0
0117666 0
0007367 0
0081731 0
0097737 0
0013083 0
0086345 0
0098598 0
0033160 0
0017632 0
0106797 0
0077025 0
0046958 0
0008826 0
0027333 0
0082532 0
0009890 0
0064301 0
0056802 0
0020113 0
0099823 0
0070148 0
0107184 0
0064101 0
0091540 0
0043171 0
0058258 0
0065742 0
0028440 0
0017569 0
0023321 0
0055667 0
0011522 0
0048398 0
0043901 0
0039901 0
0095715 0
0042418 0
0064446 0
0082482 0
0117997 0
0002106 0
0037169 0
0025355 0
0007169 0
0104911 0
0010649 0
0115006 0
0013910 0
0044322 0
0029675 0
0105416 0
0098529 0
0025526 0
0031577 0
0027674 0
0098827 0
0107398 0
0124928 0
0118887 0
0050565 0
0017056 0
0102942 0
0113509 0
0090544 0
0078357 0
0125019 0
0060295 0
0017352 0
0066513 0
0047415 0
0088209 0
0087477 0
0084613 0
0019114 0
0089957 0
0057480 0
0011180 0
0118524 0
0056654 0
0105230 0
0002029 0
0036147 0
0093246 0
0092629 0
0116723 0
0090834 0
0091915 0
0032502 0
0102641 0
0098942 0
0123077 0
0022817 0
0106897 0
0076453 0
0028035 0
0044224 0
0031755 0
0003451 0
0014505 0
0066561 0
0123058 0
0038878 0
0071917 0
0083899 0
0075612 0
0125417 0
0080672 0
0093094 0
0117431 0
0022912 0
0058277 0
0012998 0
0025706 0
0067694 0
0109114 0
0011826 0
0042562 0
0087328 0
0092017 0
0066343 0
0044698 0
0082383 0
0042758 0
0089334 0
0108431 0
0019496 0
0046196 0
0071180 0
0070880 0
0125338 0
0021382 0
0100677 0
0051004 0
0004167 0
0010291 0
0011670 0
0064782 0
0094006 0
0092414 0
0040168 0
0061096 0
0025209 0
0042097 0
0085234 0
0025924 0
0056657 0
0042678 0
0025634 0
0005245 0
0114099 0
0008399 0
0032435 0
0056832 0
0105418 0
0005899 0
0041686 0
0118723 0
0043013 0
0045448 0
0106278 0
0068050 0
0063861 0
0088635 0
0015501 0
0054946 0
0049162 0
0104887 0
0097396 0
0024033 0
0092104 0
0086310 0
0116259 0
0031832 0
0089721 0
0011293 0
0031778 0
0002179 0
0031785 0
0087426 0
0099675 0
0120647 0
0107162 0
0064124 0
0110689 0
0102030 0
0049906 0
0083283 0
0096845 0
0003803 0
0038384 0
0011909 0
0076386 0
0050173 0
0107114 0
0121044 0
0121202 0
0016640 0
0021670 0
0062266 0
0054572 0
0089763 0
0075060 0
0106226 0
0104306 0
0001946 0
0113842 0
0045928 0
0105368 0
0016184 0
0072350 0
0048864 0
0123275 0
0006863 0
0102201 0
0123854 0
0010673 0
0023876 0
0008099 0
0062377 0
0108708 0
0032626 0
0109976 0
0087864 0
0026992 0
0010664 0
0043362 0
0105996 0
0108081 0
0051847 0
0125291 0
0001991 0
0080004 0
0116985 0
0098077 0
0088218 0
0114614 0
0088306 0
0106878 0
0071390 0
0020670 0
0022396 0
0026272 0
0101742 0
0032611 0
0030128 0
0064705 0
0044651 0
0044722 0
0074571 0
0037104 0
0046202 0
0041668 0
0008450 0
0112421 0
0099193 0
0040123 0
0117258 0
0097648 0
0069746 0
0102459 0
0067004 0
0101919 0
0061777 0
0003620 0
0111561 0
0096992 0
0067343 0
0090047 0
0016892 0
0104829 0
0009421 0
0010279 0
0057981 0
0040918 0
0049247 0
0097069 0
0108864 0
0083635 0
0102802 0
0001137 0
0087798 0
0011932 0
0075103 0
0070435 0
0079364 0
0085441 0
0009037 0
0018970 0
0039230 0
0036315 0
0055577 0
0003560 0
0020555 0
0078999 0
0029659 0
0040737 0
0029612 0
0001766 0
0086449 0
0104466 0
0017386 0
0111523 0
0038614 0
0125416 0
0007394 0
0095602 0
0096455 0
0100247 0
0112518 0
0039661 0
0110795 0
0118434 0
0075723 0
0080273 0
0035451 0
0093372 0
0119543 0
0123725 0
0043405 0
0024502 0
0039562 0
0016392 0
0125275 0
0087748 0
0037962 0
0054972 0
0003083 0
0105128 0
0002535 0
0067421 0
0018045 0
0078848 0
0014350 0
0032493 0
0024973 0
0069771 0
0083171 0
0053926 0
0124136 0
0015048 0
0118813 0
0044970 0
0107758 0
0005406 0
0121908 0
0027374 0
0082811 0
0097781 0
0098232 0
0044316 0
0014589 0
0011005 0
0003481 0
0083089 0
0056527 0
0082766 0
0100115 0
0004000 0
0089558 0
0027503 0
0021849 0
0093903 0
0005042 0
0114097 0
0019265 0
0106739 0
0096822 0
0020872 0
0047507 0
0007747 0
0058831 0
0109118 0
0112251 0
0007422 0
0122429 0
0041074 0
0097310 0
0097325 0
0114382 0
0007819 0
0049726 0
0004042 0
0116422 0
0112959 0
0097374 0
0101157 0
0042539 0
0011101 0
0091846 0
0049092 0
0046408 0
0077815 0
0118005 0
0114962 0
0043144 0
0085500 0
0078240 0
0101814 0
0123019 0
0072885 0
0030554 0
0080890 0
0102299 0
0036459 0
0121692 0
0079414 0
0096334 0
0035459 0
0100533 0
0023750 0
0053576 0
0106415 0
0051114 0
0027315 0
0035957 0
0119176 0
0046286 0
0058382 0
0072727 0
0124418 0
0073520 0
0053845 0
0025930 0
0102265 0
0119912 0
0111143 0
0007715 0
0098855 0
0082630 0
0037365 0
0120303 0
0099831 0
0024785 0
0042888 0
0055457 0
0009902 0
0104493 0
0122085 0
0002199 0
0123761 0
0004974 0
0035445 0
0037980 0
0014735 0
0026982 0
0098803 0
0054360 0
0123357 0
0076482 0
0049663 0
0088738 0
0018831 0
0076922 0
0115813 0
0102865 0
0110287 0
0070556 0
0119623 0
0028060 0
0115619 0
0118026 0
0003723 0
0111081 0
0114219 0
0022726 0
0120137 0
0106746 0
0020967 0
0050904 0
0011306 0
0012112 0
0057745 0
0104124 0
0086621 0
0008061 0
0069271 0
0024831 0
0063497 0
0009296 0
0022620 0
0036804 0
0072188 0
0092764 0
0029825 0
0007845 0
0111126 0
0033326 0
0043241 0
0006315 0
0052928 0
0099727 0
0040165 0
0019443 0
0058951 0
0070568 0
0119973 0
0000129 0
0089119 0
0019150 0
0086028 0
0109090 0
0042922 0
0093594 0
0037431 0
0061197 0
0014198 0
0029793 0
0016613 0
0014295 0
0040466 0
0077625 0
0018495 0
0054636 0
0077558 0
0105263 0
0023355 0
0114174 0
0016973 0
0122027 0
0071812 0
0034965 0
0005263 0
0081124 0
0096501 0
0033410 0
0084695 0
0055644 0
0099166 0
0078095 0
0034282 0
0121793 0
0050829 0
0119985 0
0104071 0
0043670 0
0096085 0
0057024 0
0100578 0
0097585 0
0058425 0
0071214 0
0095151 0
0014323 0
0059507 0
0086113 0
0042245 0
0073278 0
0054087 0
0030831 0
0029586 0
0100986 0
0084274 0
0116060 0
0010013 0
0116401 0
0109607 0
0045808 0
0105186 0
0066530 0
0005828 0
0033932 0
0023480 0
0001356 0
0022106 0
0103377 0
0030415 0
0059422 0
0028727 0
0112375 0
0028424 0
0124414 0
0114271 0
0011674 0
0101524 0
0068343 0
0003718 0
0025839 0
0005520 0
0071124 0
0034022 0
0038023 0
0045064 0
0117828 0
0067472 0
0102866 0
0078821 0
0027784 0
0049579 0
0023788 0
0073996 0
0008291 0
0082395 0
0036486 0
0063966 0
0115417 0
0065543 0
0096700 0
0001151 0
0106779 0
0093663 0
0054966 0
0060979 0
0074588 0
0034939 0
0021252 0
0089313 0
0082998 0
0123555 0
0061998 0
0121510 0
0067047 0
0105181 0
0074525 0
0092734 0
0039708 0
0091650 0
0011444 0
0044741 0
0007697 0
0084599 0
0027430 0
0069718 0
0082641 0
0013067 0
0028433 0
0068972 0
0034190 0
0093694 0
0030834 0
0041075 0
0004649 0
0069892 0
0016084 0
0100947 0
0014015 0
0104796 0
0106591 0
0033694 0
0064353 0
0050017 0
0071583 0
0001815 0
0084556 0
0096994 0
0088548 0
0117632 0
0013649 0
0124265 0
0067029 0
0024545 0
0100507 0
0018862 0
0034499 0
0005275 0
0020107 0
0033748 0
0095690 0
0032241 0
0072130 0
0001234 0
0078855 0
0075627 0
0007745 0
0028979 0
0123035 0
0043484 0
0074330 0
0120573 0
0106799 0
0039672 0
0009958 0
0002249 0
0074262 0
0030347 0
0016875 0
0003383 0
0051782 0
0064883 0
0123155 0
0046345 0
0084880 0
0004592 0
0117976 0
0045390 0
0014576 0
0081111 0
0105887 0
0106608 0
0045106 0
0037885 0
0083169 0
0042932 0
0112876 0
0083298 0
0040870 0
0083329 0
0063383 0
0048183 0
0103616 0
0004299 0
0082814 0
0086775 0
0058540 0
0042934 0
0041763 0
0117477 0
0107468 0
0065621 0
0022171 0
0049368 0
0040979 0
0083789 0
0124110 0
0102954 0
0027390 0
0060473 0
0119436 0
0035842 0
0100668 0
0054553 0
0016790 0
0070948 0
0095105 0
0098021 0
0059490 0
0015427 0
0085877 0
0073739 0
0056115 0
0056886 0
0031535 0
0062465 0
0062200 0
0065031 0
0011396 0
0091833 0
0091244 0
0122891 0
0042106 0
0035758 0
0071923 0
0034959 0
0002063 0
0064770 0
0068354 0
0055557 0
0024864 0
0021383 0
0088752 0
0036364 0
0081614 0
0115714 0
0120898 0
0021617 0
0082909 0
0004512 0
0117861 0
0077210 0
0109550 0
0023797 0
0013002 0
0043859 0
0099445 0
0069387 0
0003050 0
0086681 0
0119695 0
0072015 0
0104633 0
0027264 0
0102699 0
0006851 0
0039314 0
0061492 0
0085281 0
0003072 0
0045000 0
0029757 0
0039149 0
0116819 0
0019041 0
0088503 0
0102835 0
0037351 0
0109474 0
0033988 0
0103371 0
0119153 0
0071754 0
0051860 0
0080274 0
0045552 0
0125180 0
0032553 0
0090969 0
0068789 0
0062506 0
0047291 0
0097833 0
0081600 0
0053499 0
0050557 0
0101897 0
0061704 0
0043152 0
0100665 0
0108460 0
0041759 0
0021477 0
0078079 0
0034373 0
0092281 0
0085998 0
0042741 0
0011774 0
0082468 0
0018327 0
0011096 0
0059225 0
0079675 0
0051660 0
0053057 0
0039072 0
0002236 0
0072073 0
0059203 0
0123658 0
0094455 0
0076772 0
0021339 0
0085684 0
0054495 0
0044143 0
0109066 0
0110078 0
0118894 0
0046729 0
0110946 0
0113703 0
0106344 0
0036306 0
0112223 0
0018822 0
0048859 0
0098626 0
0055962 0
0066012 0
0026820 0
0037807 0
0077832 0
0087374 0
0018491 0
0000266 0
0045383 0
0123557 0
0039324 0
0099118 0
0102917 0
0022470 0
0093950 0
0068498 0
0049038 0
0113322 0
0066426 0
0054835 0
0078082 0
0091475 0
0082243 0
0016118 0
0042135 0
0091971 0
0025608 0
0087592 0
0011849 0
0095551 0
0016109 0
0058431 0
0044784 0
0089833 0
0023698 0
0060841 0
0029975 0
0074634 0
0052110 0
0078106 0
0106772 0
0113302 0
0015475 0
0044623 0
0044591 0
0000423 0
0019700 0
0074427 0
0124565 0
0065223 0
0105595 0
0018022 0
0051050 0
0102748 0
0055759 0
0029742 0
0053335 0
0066122 0
0060149 0
0079309 0
0088772 0
0033628 0
0051047 0
0084209 0
0010618 0
0062668 0
0105200 0
0065486 0
0104082 0
0123696 0
0019153 0
0029570 0
0056048 0
0065369 0
0108018 0
0100583 0
0084648 0
0071553 0
0098677 0
0004616 0
0089981 0
0103077 0
0073487 0
0060899 0
0085042 0
0090238 0
0020038 0
0044578 0
0112951 0
0042630 0
0078891 0
0082484 0
0120264 0
0005859 0
0041788 0
0006267 0
0095790 0
0107782 0
0077638 0
0021199 0
0096809 0
0051850 0
0015435 0
0090516 0
0083309 0
0038802 0
0109898 0
0123197 0
0109884 0
0114547 0
0116751 0
0071483 0
0034776 0
0020323 0
0012870 0
0051447 0
0092067 0
0111474 0
0004417 0
0086123 0
0107379 0
0078391 0
0031724 0
0114823 0
0040432 0
0051362 0
0014911 0
0014392 0
0088792 0
0051317 0
0017514 0
0054947 0
0065876 0
0012206 0
0007210 0
0102644 0
0088770 0
0050111 0
0018241 0
0061198 0
0107630 0
0042629 0
0073303 0
0076255 0
0020552 0
0073222 0
0050934 0
0078896 0
0110239 0
0120869 0
0081507 0
0083851 0
0079629 0
0113237 0
0069888 0
0080188 0
0013436 0
0012788 0
0002796 0
0014754 0
0094673 0
0049565 0
0094614 0
0124187 0
0044060 0
0025855 0
0075892 0
0104169 0
0036904 0
0020829 0
0008509 0
0090724 0
0024911 0
0053475 0
0077058 0
0047785 0
0043596 0
0015288 0
0055402 0
0119264 0
0057470 0
0033068 0
0103695 0
0003033 0
0041576 0
0037928 0
0091599 0
0043836 0
0079470 0
0050817 0
0088768 0
0003262 0
0066231 0
0074949 0
0117310 0
0113245 0
0083866 0
0010273 0
0122042 0
0094914 0
0019698 0
0046690 0
0004115 0
0097141 0
0025933 0
0102253 0
0124888 0
0015252 0
0005310 0
0119865 0
0023433 0
0018935 0
0034238 0
0102684 0
0079269 0
0025848 0
0110561 0
0035345 0
0028766 0
0017599 0
0087297 0
0013756 0
0035761 0
0054240 0
0052496 0
0036936 0
0092675 0
0108542 0
0118661 0
0102141 0
0076062 0
0044635 0
0024905 0
0118927 0
0044089 0
0057548 0
0101476 0
0065420 0
0117178 0
0123312 0
0030006 0
0084950 0
0024102 0
0002444 0
0077899 0
0083879 0
0089914 0
0104372 0
0044363 0
0016157 0
0021405 0
0074037 0
0117841 0
0040169 0
0099522 0
0103303 0
0072470 0
0111113 0
0091447 0
0122720 0
0036250 0
0117321 0
0030847 0
0073081 0
0115674 0
0017837 0
0109176 0
0031735 0
0059957 0
0046639 0
0025612 0
0069457 0
0042415 0
0059481 0
0038656 0
0073430 0
0118931 0
0090910 0
0020765 0
0076987 0
0022257 0
0090319 0
0095069 0
0044771 0
