0017089
0096262
0058264
0056032
0006405
0015387
0068694
0031583
0016365
0120032
0005063
0089810
0096415
0000761
0061908
0012126
0099393
0030306
0060522
0060072
0035791
0068041
0019701
0024063
0022685
0094989
0005725
0088890
0087102
0065035
0124642
0087153
0116825
0066832
0002022
0124867
0085736
0021777
0045922
0009580
0052939
0105480
0058812
0039155
0120726
0083342
0060628
0003839
0112632
0115852
0004032
0082483
0055419
0046008
0098560
0044300
0029213
0099546
0078447
0022058
0006600
0095606
0082470
0025773
0022222
0082444
0054661
0021372
0089964
0079183
0043418
0125070
0100942
0050123
0051203
0074017
0010129
0053157
0057086
0046217
0103865
0058617
0051199
0096655
0089265
0078308
0018456
0055492
0023734
0047588
0068973
0009440
0108548
0031866
0082874
0018947
0009782
0051381
0076652
0079306
0006644
0072382
0108857
0077289
0097857
0032094
0031797
0098976
0089701
0053197
0106145
0103598
0002117
0098146
0036345
0098229
0082305
0081640
0094578
0055416
0098417
0104778
0060785
0034249
0035880
0124976
0093088
0114760
0090157
0078062
0043705
0054567
0116630
0046726
0026565
0062184
0048640
0049919
0102537
0058493
0008633
0029476
0025121
0057818
0023464
0053646
0123563
0032364
0086792
0104866
0105627
0016370
0035115
0021538
0102704
0023088
0089377
0118674
0020795
0037019
0007744
0100469
0115996
0056653
0004446
0118125
0111851
0049553
0083448
0072482
0032931
0018871
0106012
0002898
0053361
0016674
0087203
0064931
0009139
0065381
0045794
0123596
0070492
0091468
0077699
0029400
0084993
0024563
0085457
0012339
0030114
0058190
0067202
0066367
0063876
0093448
0092876
0067225
0024912
0040275
0003613
0010309
0061207
0114862
0053891
0051054
0054485
0066362
0121326
0011550
0069367
0001893
0095125
0124658
0069447
0110032
0054675
0006490
0105490
0033899
0059556
0095556
0030394
0025658
0063039
0043852
0101144
0091793
0081677
0055429
0120533
0048953
0047023
0100382
0084021
0036963
0042493
0002510
0032723
0081394
0080406
0116760
0001603
0037468
0055207
0025443
0101937
0070650
0120600
0100573
0082165
0014584
0054082
0096531
0008382
0113691
0038441
0038787
0093619
0038947
0062996
0025138
0069982
0087090
0034488
0109227
0077881
0039200
0073886
0053652
0012791
0000075
0016410
0056876
0059632
0012946
0074840
0045416
0044504
0069265
0048558
0060412
0070673
0000982
0113604
0108318
0011543
0039518
0037922
0020825
0107381
0083506
0086060
0116523
0017648
0096457
0105997
0017435
0025612
0075567
0116664
0106831
0016052
0018187
0099702
0029193
0054117
0110586
0067297
0066501
0108143
0016936
0109218
0095253
0108044
0004739
0054346
0089166
0012108
0007764
0020918
0068935
0035917
0073332
0071524
0116686
0038808
0108212
0010125
0081520
0115089
0047709
0011798
0027774
0037308
0061742
0038509
0043464
0078789
0028893
0012616
0112143
0107077
0034134
0062050
0039758
0067316
0038231
0014705
0119392
0093538
0111108
0053945
0061752
0076392
0096260
0003682
0076679
0058001
0121100
0117507
0018056
0055585
0045613
0021802
0076926
0072033
0024532
0125040
0036814
0106315
0056676
0066793
0060985
0103700
0084528
0064306
0071431
0034030
0013782
0057166
0066219
0103504
0080627
0019977
0046325
0054664
0092874
0066469
0046253
0063681
0071188
0025737
0015205
0045799
0087140
0067608
0103416
0105357
0093449
0028237
0073759
0092518
0018123
0037197
0031823
0024602
0021859
0042182
0058723
0114049
0067429
0097249
0013451
0113882
0063080
0059923
0122029
0041957
0037624
0022511
0021210
0004542
0119579
0053991
0117305
0028891
0031600
0112657
0006111
0040905
0014282
0107845
0120485
0040194
0120974
0091510
0075190
0095091
0012249
0069291
0002899
0096573
0052672
0110162
0080468
0020427
0074350
0117352
0019774
0040495
0041967
0094164
0044771
0113793
0078939
0032102
0118942
0001763
0110840
0089578
0053394
0019687
0054477
0115775
0072911
0030252
0052427
0082288
0063716
0083471
0035549
0081427
0114268
0108691
0052440
0103448
0064303
0098228
0034060
0119253
0032670
0058594
0011714
0062808
0005032
0091215
0024863
0041443
0121334
0029877
0016357
0110141
0058006
0074671
0046047
0013552
0027925
0036404
0118484
0057247
0082991
0099950
0121092
0034824
0087876
0007299
0057657
0108683
0056260
0033688
0059278
0060044
0116209
0067415
0083701
0017057
0064503
0113114
0035195
0077135
0014915
0093336
0038124
0092476
0019268
0099941
0108627
0036615
0120515
0113763
0020044
0119609
0019466
0050943
0020067
0052962
0068396
0040278
0108695
0110662
0098101
0079556
0086319
0103137
0120260
0033142
0050020
0020115
0007877
0007166
0108379
0114254
0118172
0019022
0053340
0043459
0044872
0080109
0086212
0066589
0036872
0017227
0057513
0122859
0054232
0086933
0018472
0049408
0002521
0015832
0043520
0078141
0045858
0057475
0023260
0079681
0085460
0016108
0025060
0079477
0099746
0011205
0024061
0039102
0001642
0007137
0103024
0113161
0060706
0017894
0051265
0075847
0074864
0085762
0059887
0062453
0012760
0112765
0031882
0051401
0112843
0069582
0007508
0057317
0095353
0104046
0053467
0040913
0060636
0039986
0054401
0107351
0001368
0062304
0113291
0050660
0063766
0062400
0052218
0058428
0006209
0048432
0061212
0029954
0082761
0059793
0096434
0072494
0087021
0052470
0016354
0044484
0114725
0050347
0102410
0070896
0066998
0103332
0003218
0033249
0026024
0021513
0073077
0104645
0075081
0116042
0057109
0015737
0053107
0121098
0085172
0085318
0073012
0119066
0007475
0005426
0077942
0080554
0080797
0061368
0024238
0012061
0053491
0055051
0124233
0008060
0012258
0083966
0077095
0031962
0093077
0048935
0017029
0000532
0103075
0017970
0061814
0051882
0082386
0021226
0083251
0024498
0118670
0050740
0004627
0090407
0047511
0113518
0055373
0007921
0017779
0082955
0008168
0000267
0116067
0093763
0116685
0045518
0102033
0013212
0030181
0098673
0102913
0111485
0040443
0020941
0008277
0045402
0000599
0067275
0023169
0027070
0077212
0063186
0099176
0046956
0001535
0001099
0044590
0049069
0004973
0106154
0024451
0076102
0053984
0060343
0092184
0114201
0111876
0010587
0048316
0023317
0086497
0007409
0121066
0119280
0121417
0044572
0012643
0072190
0058826
0104977
0064336
0024029
0088401
0034752
0099752
0111056
0068876
0079434
0018799
0040481
0043409
0029062
0105468
0037672
0099306
0035435
0012589
0022875
0103411
0063442
0019178
0063919
0102484
0026791
0067220
0065640
0021313
0066578
0103782
0069894
0070483
0072880
0048472
0022414
0035326
0050301
0034555
0060718
0098115
0073488
0074541
0102133
0029131
0113797
0007785
0085383
0049690
0011102
0048474
0063932
0115189
0098311
0113662
0074215
0038334
0021537
0024336
0000393
0055739
0051053
0011679
0044987
0018678
0116348
0016349
0011170
0107436
0081296
0029974
0028853
0022578
0114040
0065973
0124340
0095539
0078984
0114656
0072405
0087551
0099500
0102093
0002650
0015357
0077924
0095420
0111813
0087991
0057821
0003190
0097233
0093239
0112453
0035158
0049074
0066162
0087675
0072252
0054838
0106199
0001160
0050404
0034935
0033406
0033974
0004992
0011179
0027601
0029177
0096360
0044621
0047834
0004130
0005624
0055239
0033063
0052930
0022072
0049780
0059770
0016842
0114278
0033092
0010032
0019569
0021147
0116201
0081821
0123966
0116212
0003314
0050998
0041933
0012919
0032454
0022274
0028481
0046129
0095285
0014195
0088571
0059645
0070678
0087378
0087279
0124392
0099428
0109541
0071671
0079678
0017788
0078898
0061956
0076124
0072840
0015352
0086603
0111713
0095086
0049920
0071455
0046126
0085915
0098537
0101211
0101385
0025761
0043863
0002847
0026842
0070386
0010324
0075258
0014023
0002463
0112034
0073894
0114717
0084467
0015028
0032627
0023769
0021188
0059544
0089495
0107714
0015830
0124724
0076474
0073205
0058674
0089784
0082406
0078386
0078664
0059169
0073806
0062163
0125089
0025615
0122110
0116777
0043186
0069085
0116358
0060165
0028558
0031467
0085983
0105384
0112243
0060415
0058341
0086370
0063462
0115037
0109616
0091613
0091096
0116796
0003012
0001640
0056249
0086626
0000476
0038546
0082669
0083872
0038512
0095571
0058595
0053372
0001499
0093840
0084819
0027779
0092554
0045887
0046314
0037071
0013904
0055281
0039029
0102194
0058114
0035702
0063930
0065280
0065290
0117778
0096389
0081554
0033678
0008669
0046298
0073773
0095092
0083168
0100829
0095052
0105723
0061162
0042792
0106925
0010641
0010771
0115477
0089522
0096383
0001644
0088795
0072272
0086210
0045696
0116747
0028609
0063649
0004587
0033106
0120214
0102653
0047348
0119155
0077970
0078302
0064337
0119059
0033840
0004967
0049312
0087508
0010635
0049801
0120489
0004796
0067155
0038490
0097588
0053904
0111629
0021300
0041762
0029572
0043874
0125297
0109475
0021855
0027475
0076988
0048949
0060424
0086094
0046567
0020897
0003914
0113032
0091101
0013482
0097947
0064667
0051305
0078356
0085274
0038206
0121216
0125428
0000172
0053083
0035099
0025036
0079355
0075309
0029625
0007576
0085881
0055879
0083095
0051108
0037764
0037228
0026847
0115637
0082504
0030862
0046898
0054888
0008223
0041898
0100356
0112387
0032209
0009846
0017921
0057151
0070322
0048571
0024047
0015421
0046835
0069700
0018371
0087205
0061679
0072668
0010564
0002051
0046141
0079263
0041592
0024535
0037395
0116759
0065007
0096516
0118017
0066087
0086581
0081810
0110947
0070161
0044919
0068204
0060648
0091170
0025910
0046719
0053496
0110720
0111075
0118815
0055349
0054202
0024021
0104758
0006773
0085399
0073444
0101811
0084417
0042117
0027308
0031413
0019039
0028675
0070770
0084777
0030647
0025188
0116520
0099522
0021535
0031236
0005093
0056698
0013510
0042022
0061019
0012549
0090903
0012020
0046959
0087915
0030475
0069570
0110575
0082794
0051457
0041629
0000751
0125445
0081109
0120767
0110998
0082958
0102891
0071345
0074514
0063622
0106687
0023903
0052951
0084962
0058497
0007684
0033424
0061125
0073669
0065707
0110306
0112298
0123833
0085711
0072740
0096470
0053406
0072957
0060633
0056063
0037255
0058823
0109241
0059331
0060243
0015804
0007661
0120261
0090873
0037486
0028117
0078727
0069668
0007469
0118791
0008421
0016062
0026979
0115992
0113319
0088334
0086923
0101983
0093905
0027829
0059174
0073915
0000140
0015472
0013764
0054562
0014997
0004844
0115781
0124309
0091590
0029014
0087434
0109523
0061518
0029282
0080388
0034167
0012353
0023843
0023500
0025144
0023452
0029183
0049489
0003922
0010041
0042461
0044990
0118353
0076583
0031501
0071192
0103225
0047920
0105684
0120108
0078926
0028635
0012302
0067830
0073524
0092053
0111591
0095911
0093012
0027650
0123989
0092360
0015160
0088175
0088871
0015080
0013081
0082835
0104480
0081061
0090049
0009961
0089081
0103783
0034885
0012792
0028226
0069028
0091131
0094824
0057156
0004912
0034541
0050362
0113109
0008335
0097845
0069868
0077351
0036679
0022330
0108401
0096038
0117993
0004795
0011115
0121349
0056019
0087209
0030745
0076448
0046337
0036406
0094735
0094224
0039258
0072810
0086868
0085095
0109595
0003219
0028724
0011231
0003856
0035499
0052974
0038368
0118206
0014664
0026988
0095069
0097015
0014065
0010489
0068852
0075064
0002501
0084551
0116991
0051637
0017193
0051802
0051239
0054211
0104244
0077909
0036624
0107667
0059606
0114891
0037272
0088767
0068728
0048086
0080823
0047786
0013051
0032698
0011256
0069019
0052846
0101306
0078073
0031622
0033087
0044521
0010957
0123869
0000243
0007368
0062862
0098530
0103394
0079201
0041416
0103129
0028958
0045968
0078961
0088927
0013943
0016296
0021451
0105521
0095958
0057223
0027781
0096160
0095116
0090669
0083325
0010761
0063200
0061239
0090024
0012459
0109823
0118154
0042281
0122985
0027516
0076059
0008510
0019175
0074202
0005685
0016843
0064373
0075171
0118931
0026271
0069418
0062531
0005688
0071705
0076628
0007091
0111234
0030247
0097031
0061542
0046175
0031887
0051215
0057771
0069164
0106163
0025034
0097359
0123208
0124055
0045209
0087590
0062628
0064243
0024259
0100400
0002112
0021887
0079345
0112159
0119290
0082346
0052599
0101473
0120212
0067400
0096876
0078407
0038683
0097215
0035340
0076877
0085862
0080156
0078602
0000376
0079674
0038360
0098313
0011461
0094356
0017254
0120064
0004574
0121336
0052435
0013980
0048349
0028340
0091248
0032625
0060727
0083536
0040678
0056728
0069426
0024717
0051950
0086278
0051674
0021283
0049851
0091317
0002124
0048344
0110224
0106179
0080344
0087757
0040715
0091093
0116561
0010315
0053889
0046864
0113877
0035237
0011667
0106331
0117449
0123544
0095413
0029668
0009316
0051757
0063866
0059954
0069420
0092722
0019516
0023455
0099143
0069870
0012581
0123341
0117023
0021218
0105545
0006618
0052983
0001530
0055275
0105016
0073270
0021247
0108439
0092960
0011533
0031153
0070485
0051012
0090035
0015123
0052391
0020408
0042448
0009711
0096145
0034347
0081368
0114058
0040402
0009162
0042108
0046585
0074022
0100390
0117081
0043815
0083258
0077580
0027812
0059399
0040768
0117005
0037413
0009001
0089532
0125090
0087222
0012879
0070680
0058816
0092535
0056444
0066104
0123391
0025665
0001105
0021209
0000414
0015366
0001839
0098008
0035252
0004291
0066632
0120929
0025859
0092487
0061339
0028913
0090936
0104752
0031372
0119143
0051377
0121884
0112568
0084675
0014309
0022999
0112467
0076373
0009568
0095850
0088325
0067643
0052136
0066444
0092608
0008271
0014629
0060132
0084900
0018957
0089481
0008365
0047983
0044679
0123580
0001838
0106989
0032881
0044402
0001531
0073176
0102208
0094046
0093801
0125234
0063159
0029984
0071788
0038742
0060486
0040713
0124848
0076680
0044770
0035778
0078148
0106712
0084971
0083846
0084592
0084463
0048281
0012200
0100411
0031739
0087059
0076623
0121747
0103835
0102362
0067309
0014235
0053035
0012916
0018329
0097686
0059056
0025637
0010984
0099101
0037225
0075145
0021350
0003525
0027837
0058085
0055427
0042484
0111513
0098441
0035961
0074551
0076074
0028101
0054056
0091620
0011606
0041647
0020854
0076305
0066860
0038335
0060857
0039248
0091990
0086920
0032630
0002215
0008703
0078349
0007591
0065485
0110452
0081931
0022484
0083944
0034034
0094289
0114992
0101214
0033012
0083246
0089519
0048901
0115861
0030668
0082792
0047006
0122079
0119120
0052693
0116136
0023136
0067749
0017031
0017726
0116634
0012891
0015266
0016622
0087133
0006313
0065880
0080088
0040368
0015325
0090797
0006514
0118778
0038052
0125233
0060398
0013518
0086590
0112198
0071990
0037436
0093230
0095009
0067451
0063742
0066760
0123411
0087082
0100128
0076208
0077835
0118034
0053220
0056667
0082777
0096621
0050704
0014774
0070751
0051916
0099487
0079917
0040901
0013367
0055158
0016066
0026556
0062268
0091376
0008144
0083296
0110497
0009977
0081140
0050306
0049374
0044513
0120121
0124129
0004714
0077395
0035147
0123990
0006022
0003391
0021302
0047835
0099977
0050262
0099826
0113643
0097488
0082167
0001891
0091969
0121262
0006257
0036058
0072032
0019835
0069062
0054319
0018142
0000815
0103134
0066876
0001498
0123501
0072248
0075899
0104580
0043562
0009911
0106317
0066009
0050640
0120716
0098636
0001490
0012512
0107720
0047222
0037869
0002547
0115684
0017290
0074670
0062767
0008957
0015564
0076966
0110024
0068853
0081116
0041037
0078872
0009193
0101516
0003721
0006513
0102100
0007134
0038301
0007312
0106862
0071907
0016833
0044519
0115239
0080329
0025956
0034738
0083498
0040896
0010380
0052486
0093392
0084170
0015576
0003224
0066633
0039988
0103822
0017202
0094034
0043496
0005496
0113911
0035059
0052367
0017703
0062998
0073659
0093460
0124712
0100260
0069780
0096888
0054025
0108071
0063741
0076023
0039462
0078887
0085321
0070874
0107080
0087672
0104895
0123651
0037596
0090863
0070957
0041929
0030799
0103961
0027803
0022745
0065868
0011557
0073678
0012609
0096564
0002299
0096063
0029256
0044459
0065095
0091365
0016953
0123621
0104362
0015665
0111896
0012140
0027609
0103412
0086697
0108102
0057929
0026963
0115550
0047624
0031005
0114232
0034443
0113908
0095519
0048390
0125400
0095786
0052157
0063574
0064199
0009506
0047419
0081596
0013665
0094753
0031653
0043574
0065424
0010314
0065513
0089573
0117282
0060422
0075924
0008610
0038399
0056333
0003507
0116493
0025908
0079544
0062082
0041085
0014321
0040061
0110472
0054721
0064193
0074106
0083857
0064445
0124858
0083053
0107164
0074959
0076388
0038794
0075391
0003572
0084946
0022787
0062149
0111651
0013420
0013769
0106466
0043176
0062510
0056272
0028044
0080504
0090510
0006446
0120703
0009482
0122216
0097655
0019836
0081362
0117372
0111042
0086922
0008817
0009066
0046755
0008055
0039616
0093304
0101754
0089525
0074740
0086122
0045942
0001570
0012922
0064287
0029768
0082722
0006883
0100646
0055934
0117957
0115318
0021752
0112821
0058582
0023617
0053141
0064210
0109005
0029633
0121059
0106552
0067717
0088538
0114761
0054751
0080343
0001972
0010088
0024444
0050540
0063505
0093314
0111146
0101344
0105388
0106583
0094731
0017621
0033200
0090545
0000180
0053410
0034868
0069671
0111232
0075935
0074297
0064570
0034428
0110535
0105080
0082294
0070092
0045033
0113413
0018733
0025370
0063454
0050129
0024764
0043099
0104938
0120715
0102175
0013523
0005303
0076694
0099698
0019771
0100667
0114011
0080083
0001002
0086919
0040074
0047438
0005246
0021860
0056502
0095795
0028009
0031375
0078224
0011449
0032477
0022542
0064232
0115880
0081243
0013895
0081137
0038219
0105719
0044653
0102368
0052246
0019218
0089317
0115232
0118235
0051578
0077432
0066842
0057968
0060631
0073887
0111830
0024735
0023109
0040408
0063897
0085310
0066991
0031849
0072605
0122991
0038613
0109968
0091311
0028188
0102149
0089926
0053866
0054691
0033454
0074627
0079061
0061950
0026266
0002555
0103230
0042593
0000584
0120531
0107273
0098215
0004449
0040267
0080677
0013499
0023112
0068606
0053726
0114340
0050377
0066588
0097820
0027984
0092372
0017837
0046242
0090416
0109694
0091665
0007404
0070262
0010838
0080611
0018222
0104982
0058917
0081873
0112648
0087552
0020648
0088944
0027928
0059550
0063951
0059594
0090479
0116967
0079975
0012867
0015587
0013308
0070224
0061595
0093836
0026793
0080006
0052565
0048844
0056997
0036351
0068940
0049463
0041895
0068791
0087943
0008032
0084941
0092340
0120402
0010428
0037553
0092423
0010400
0038522
0099268
0092694
0123787
0012630
0021004
0003254
0119971
0042787
0123798
0051813
0004619
0081240
0053174
0040916
0050846
0106169
0124193
0065193
0065675
0103200
0058561
0091067
0119847
0077519
0076810
0028746
0096096
0085566
0026951
0118926
0056528
0121236
0058927
0103808
0021924
0034553
0115467
0049671
0109872
0056029
0100536
0008991
0023477
0120319
0012749
0078163
0086247
0024925
0046774
0071626
0100039
0060664
0082307
0020140
0050104
0084445
0015901
0117311
0083082
0048635
0108838
0063162
0027082
0037222
0040672
0019327
0003464
0015706
0070736
0110647
0004228
0054414
0113260
0046090
0097887
0022307
0019758
0007605
0029196
0101840
0093403
0082356
0081631
0069412
0025712
0008901
0004814
0105100
0099669
0035282
0080603
0114966
0042470
0119443
0078634
0034232
0113093
0086636
0085530
0044867
0099380
0063290
0083643
0052413
0072933
0036919
0058825
0076285
0012621
0030280
0020483
0050858
0098852
0098898
0050624
0046862
0109061
0076236
0042774
0081730
0051512
0071384
0021434
0060385
0047081
0021946
0000851
0041027
0116442
0033197
0070236
0015428
0026031
0009808
0089228
0045377
0099210
0119067
0072464
0047331
0016969
0003348
0107967
0105359
0052852
0042067
0088079
0062718
0063723
0107527
0023998
0060787
0015934
0001219
0070849
0031264
0046005
0002403
0113336
0070511
0053275
0099761
0070455
0107063
0059485
0067184
0046127
0099535
0097346
0009590
0057784
0076996
0020307
0079932
0110611
0111076
0091486
0103171
0065254
0022494
0010836
0090084
0075493
0034904
0049414
0099164
0031775
0057321
0107916
0096361
0060782
0014423
0098027
0014441
0090530
0041909
0083975
0037064
0067716
0094729
0007882
0047619
0027343
0081012
0114045
0099156
0052048
0080904
0031595
0037375
0065115
0106681
0018810
0083614
0102203
0019551
0108111
0049880
0098672
0061132
0112805
0031569
0019017
0012107
0051371
0098974
0114747
0045156
0102636
0020784
0091271
0021528
0068880
0089898
0058731
0116053
0113207
0041322
0087143
0061365
0088251
0091108
0026530
0117204
0021993
0102900
0082628
0014280
0123423
0095778
0125411
0023834
0065471
0049036
0113616
0105930
0055796
0012089
0060208
0011791
0002703
0010109
0078944
0017810
0037105
0063225
0084200
0102045
0100866
0079942
0048437
0100484
0109029
0085463
0005440
0045295
0058048
0122388
0087418
0056663
0032182
0002077
0103339
0034608
0036965
0069258
0119529
0113585
0070441
0083634
0108133
0010150
0063287
0004726
0094882
0094149
0037622
0060949
0067010
0048263
0015294
0011353
0068882
0097668
0075668
0094259
0092897
0117753
0067682
0011071
0039945
0044196
0008226
0103272
0108979
0058574
0066553
0114177
0069225
0081978
0055099
0078313
0113627
0055389
0081623
0054058
0074968
0063592
0061245
0029324
0124720
0120425
0015442
0063734
0021096
0106013
0022496
0111577
0062858
0049962
0078127
0038723
0069170
0092631
0124325
0015985
0034302
0066166
0017166
0105822
0053362
0056678
0088569
0033359
0078018
0108921
0047590
0117618
0097317
0041465
0046926
0002900
0019156
0033731
0003276
0018195
0002878
0035511
0099245
0090973
0112856
0077880
0009012
0053345
0088519
0028733
0090826
0089831
0031196
0023082
0046906
0093342
0062807
0041785
0113249
0065479
0003797
0022127
0037158
0007313
0048917
0032797
0120803
0090555
0013160
0107024
0007769
0036937
0043192
0104099
0121706
0075113
0123132
0005117
0059983
0076157
0057589
0045713
0005391
0108052
0031364
0027882
0118491
0053170
0059047
0042186
0030229
0100651
0047629
0099987
0006331
0058362
0010951
0102707
0077971
0047981
0074177
0036994
0078594
0072019
0094898
0091153
0050793
0086502
0102346
0044396
0043005
0009339
0118230
0027280
0078098
0104804
0063816
0038480
0085549
0124734
0038656
0082106
0102507
0017013
0037590
0020762
0091295
0110591
0030619
0123152
0052105
0033172
0051736
0122009
0011795
0056083
0110094
0083265
0117333
0093599
0090240
0101053
0091084
0107414
0021737
0124423
0085454
0094470
0107693
0004322
0010239
0004212
0025641
0074569
0031602
0076547
0010202
0098176
0114499
0121424
0036711
0089484
0065575
0072888
0003484
0037614
0061161
0068636
0102888
0010286
0007811
0020936
0074480
0028683
0007532
0121225
0003203
0038672
0025659
0096382
0077311
0043826
0085217
0119378
0090265
0106136
0053364
0094960
0026008
0085128
0081409
0061149
0068838
0023602
0041478
0096008
0027012
0075838
0120410
0052907
0101682
0008524
0080067
0065000
0092632
0020368
0119138
0058982
0067384
0002103
0027616
0038468
0102678
0048562
0125304
0093122
0102052
0093916
0059377
0104625
0125240
0029512
0062431
0072528
0060184
0041961
0087808
0043403
0118237
0051406
0031213
0043626
0094336
0016106
0048704
0019143
0051060
0082862
0010702
0005486
0078359
0101861
0070518
0024537
0068200
0125396
0105664
0020761
0096029
0032041
0122338
0026160
0114445
0087941
0049689
0002802
0029410
0059267
0117166
0085815
0085832
0035479
0010368
0104858
0068679
0017976
0045883
0075325
0059316
0057910
0009852
0111897
0039667
0096569
0052103
0048752
0017919
0084055
0078235
0010484
0065160
0115291
0054039
0051990
0096715
0010420
0048751
0073088
0086595
0017529
0119327
0097102
0045842
0100758
0088118
0017886
0114538
0045612
0106623
0080379
0015110
0005821
0082486
0111408
0119238
0060042
0085009
0067738
0010413
0117697
0047170
0118338
0073026
0121471
0009102
0109288
0069359
0067744
0105338
0037671
0072467
0044894
0010607
0085722
0037709
0111193
0002750
0071062
0080263
0030159
0027371
0024825
0112027
0023347
0095631
0052243
0012969
0004957
0005911
0026647
0053677
0038012
0105570
0108416
0034299
0076561
0120964
0103919
0008215
0056612
0066293
0104711
0032075
0020200
0026797
0110863
0054944
0033869
0103222
0082279
0034772
0098265
0081937
0071461
0030496
0009052
0040932
0033743
0084285
0048465
0049732
0112075
0013001
0066649
0013500
0029386
0120461
0114942
0042172
0015136
0038880
0074625
0055543
0085502
0114708
0041744
0022054
0087152
0071985
0110254
0062746
0125027
0042353
0117459
0092047
0049265
0109710
0089827
0027596
0011229
0075842
0028307
0007685
0112867
0030384
0095209
0030378
0020343
0098233
0080215
0101904
0074474
0053239
0042388
0074505
0015786
0089292
0046655
0096606
0051831
0067605
0027708
0118257
0030519
0080897
0053523
0089475
0118736
0094266
0014773
0067279
0096543
0121694
0070937
0119589
0068234
0031403
0095337
0029181
0077574
0117137
0040774
0007364
0050152
0020052
0118390
0028734
0005565
0112355
0106949
0066021
0065520
0055370
0084395
0049197
0033901
0058844
0030346
0117644
0059042
0061765
0060285
0078613
0029988
0082935
0084382
0072187
0037793
0065557
0073040
0019411
0109032
0067727
0073459
0016712
0068737
0076575
0119643
0090424
0020710
0056828
0113464
0076631
0060704
0028794
0052272
0093178
0090652
0008550
0119663
0046738
0110448
0054332
0054519
0104133
0056989
0040814
0055619
0088601
0001136
0038816
0038733
0124318
0053901
0043290
0024561
0005280
0013206
0066247
0059913
0061231
0117040
0103201
0099751
0058409
0092250
0017903
0079392
0119278
0053741
0068316
0073296
0123050
0000908
0098868
0062949
0018225
0030200
0115026
0118227
0037247
0021571
0009286
0022100
0043095
0041156
0101563
0124582
0005247
0034368
0079081
0104175
0119879
0082352
0069050
0050408
0111029
0104066
0031938
0082713
0104710
0077532
0025947
0086167
0016272
0040864
0108328
0105223
0000132
0046042
0088805
0032547
0001369
0045573
0043404
0002044
0030972
0070935
0009676
0105557
0110450
0110716
0014816
0107474
0124468
0025110
0053015
0044083
0045411
0091378
0086843
0014004
0083223
0025994
0047482
0099990
0047346
0085798
0113102
0004612
0063625
0034787
0015489
0123300
0037002
0078027
0124663
0040530
0116875
0071759
0020428
0077497
0117846
0115633
0002599
0058679
0072142
0029935
0120572
0023293
0082239
0027802
0001109
0072314
0109972
0031151
0079279
0057120
0107043
0005804
0070052
0042909
0118155
0024026
0017126
0051464
0053232
0099426
0094971
0068371
0111440
0046107
0046297
0070395
0061308
0039959
0076045
0098601
0085420
0094061
0108224
0057638
0060375
0084081
0003644
0059395
0003000
0073297
0108268
0025451
0104956
0001934
0123138
0108969
0121582
0108421
0041765
0058652
0083463
0015043
0093332
0033889
0099423
0007025
0085930
0085168
0048994
0031515
0045112
0015824
0015319
0058854
0093177
0006711
0094912
0096651
0069740
0064027
0033115
0042401
0100900
0075793
0064690
0046618
0060408
0075425
0105104
0016946
0079237
0069831
0017063
0017211
0057465
0010211
0061911
0058693
0109951
0084401
0093024
0063128
0119994
0032880
0042006
0026649
0023349
0029340
0051495
0060182
0096106
0102543
0106371
0061536
0038054
0012718
0019190
0105407
0082370
0040245
0010122
0116444
0057406
0059944
0088350
0017503
0032839
0119939
0054089
0008264
0027848
0008834
0069445
0021277
0027238
0011471
0021514
0069883
0014456
0114151
0063213
0011887
0019780
0068377
0017495
0064913
0124887
0090099
0090191
0068511
0011021
0086076
0079951
0032510
0033750
0082573
0080260
0115428
0024829
0114697
0025870
0018927
0085943
0054518
0036012
0035309
0096422
0065843
0072698
0063261
0050502
0082553
0063663
0037185
0082028
0021774
0065859
0098477
0101618
0000990
0096341
0019428
0041587
0061770
0031711
0004475
0023449
0120516
0093526
0086847
0004037
0109543
0079303
0088481
0061708
0025091
0083215
0119829
0113391
0003745
0115969
0121933
0099681
0033482
0107133
0029025
0041358
0005124
0031814
0029149
0019903
0016916
0030117
0062951
0115170
0010192
0088279
0071913
0092920
0011977
0077199
0055539
0019914
0002326
0070220
0087881
0089169
0027524
0100243
0100405
0118792
0100973
0108116
0058819
0008087
0016134
0123343
0056517
0058577
0075461
0063907
0120937
0125415
0051745
0085663
0014704
0116979
0093456
0054895
0070952
0108764
0006165
0009683
0081985
0099763
0112184
0060588
0094350
0027004
0074359
0005829
0118549
0056131
0120054
0046318
0082931
0060400
0051393
0061847
0071523
0099361
0020705
0052640
0060874
0110471
0059588
0003542
0032634
0107073
0076117
0066192
0108090
0061807
0020045
0073430
0114608
0114500
0053470
0123324
0112487
0081692
0007228
0029621
0045168
0091569
0018507
0065967
0114168
0017035
0024153
0027527
0014273
0018466
0057294
0091042
0025008
0062519
0021621
0021868
0034219
0072430
0030978
0006558
0115846
0060683
0006996
0087185
0114916
0063279
0077920
0054150
0005231
0095669
0084484
0070790
0015336
0093676
0013138
0002970
0072521
0002079
0124689
0122720
0043843
0122559
0117871
0097002
0014969
0108486
0007330
0018082
0047879
0025281
0098953
0043442
0101906
0020125
0079881
0068581
0113082
0037542
0124268
0081771
0051915
0086643
0004332
0115727
0084121
0039830
0104767
0005966
0061244
0095006
0087317
0034866
0014366
0054867
0022305
0082767
0040521
0004927
0120069
0001309
0104721
0086506
0090311
0038987
0074548
0123450
0015057
0016152
0094397
0089478
0109534
0058155
0036128
0109870
0110357
0025363
0066354
0000138
0008488
0035703
0116913
0102363
0091788
0104973
0008710
0093846
0032036
0052077
0007278
0059827
0124764
0076221
0057089
0119132
0017994
0076137
0093805
0016175
0045044
0094232
0092837
0029686
0095960
0006481
0106924
0021915
0070393
0123616
0112343
0117940
0048034
0071160
0025789
0084840
0105953
0066651
0108440
0064591
0094999
0016764
0009935
0123840
0109147
0045344
0036903
0087055
0098231
0048970
0024691
0048990
0032864
0119441
0106674
0044191
0016982
0051563
0115538
0078973
0045277
0056196
0013100
0119062
0070276
0004024
0088769
0022771
0081655
0125178
0030770
0053622
0125331
0079800
0094656
0100644
0034421
0020340
0093853
0115039
0107125
0100842
0043174
0088112
0079248
0035508
0004193
0091709
0058452
0004392
0016926
0074873
0113885
0043510
0028279
0062586
0057012
0115164
0118808
0125461
0106585
0075896
0109405
0010783
0034565
0011828
0002757
0101040
0099318
0073326
0041971
0076256
0001245
0003486
0085114
0029544
0076010
0010940
0113141
0101592
0090701
0069942
0038671
0000507
0011600
0061439
0123713
0075828
0079497
0087167
0013080
0008278
0026401
0080485
0070217
0070683
0023555
0080710
0009184
0056548
0053140
0028897
0005927
0058687
0004423
0069388
0034753
0010805
0061403
0098864
0117747
0026998
0043028
0040783
0072803
0040080
0007637
0015805
0084723
0011978
0021113
0117357
0098605
0028087
0040036
0031557
0010971
0031661
0081584
0098158
0015733
0072357
0004743
0087504
0076022
0092611
0010537
0102066
0114531
0079064
0084886
0099410
0082609
0021010
0028059
0009353
0009168
0104750
0028975
0047096
0118456
0105806
0092564
0022932
0014333
0021775
0008651
0074842
0074101
0045404
0047026
0086991
0011144
0077271
0004226
0109225
0053697
0040598
0007927
0050021
0006180
0048045
0032533
0112865
0099549
0018737
0113465
0051635
0032780
0082120
0031016
0113286
0121212
0003646
0103953
0041775
0046340
0031174
0024981
0021091
0116229
0083324
0043236
0112560
0034722
0069198
0101273
0065469
0092978
0105549
0084116
0119652
0123098
0105470
0047028
0034271
0002220
0045426
0077320
0096056
0089005
0017148
0010128
0057687
0065396
0050248
0052986
0009839
0032756
0010179
0106632
0109799
0082927
0017240
0115776
0098501
0060011
0024231
0025304
0120229
0083081
0086644
0091734
0085422
0012113
0086887
0001437
0091927
0049637
0123355
0019305
0091397
0098452
0115436
0056359
0101486
0101747
0023747
0064715
0014667
0004516
0029667
0036990
0049035
0087393
0051539
0099654
0122899
0029046
0074130
0125046
0113512
0078456
0027700
0099157
0065168
0090531
0043108
0116010
0108717
0105788
0042327
0080625
0097673
0112777
0005769
0055094
0012015
0120911
0077564
0008781
0096597
0086335
0074020
0094222
0105974
0110429
0101623
0117363
0003860
0009694
0074547
0125207
0033011
0000721
0053929
0014945
0118592
0053450
0105616
0120203
0088174
0038192
0064020
0035869
0101175
0046991
0055890
0028797
0041285
0116813
0071202
0078573
0009094
0004290
0040767
0034617
0025353
0002120
0067730
0005759
0043645
0100636
0105076
0006623
0022614
0077224
0035562
0027451
0027147
0088590
0053068
0045337
0055456
0021866
0080595
0047651
0014247
0015715
0100920
0106982
0024138
0072463
0070089
0121634
0002942
0103176
0042707
0081701
0068131
0045837
0091501
0003692
0037955
0031984
0038159
0018147
0067207
0120800
0101275
0043248
0050064
0007780
0029112
0108727
0011017
0009036
0026521
0008152
0021669
0112055
0117683
0023337
0046827
0042910
0124224
0013967
0082463
0042637
0065691
0016113
0061033
0056986
0066936
0108855
0057884
0088915
0045672
0102499
0008381
0057384
0048502
0062634
0109807
0013894
0085846
0035135
0111757
0037347
0018684
0063529
0003788
0118224
0085196
0068628
0039374
0067274
0002907
0005330
0027074
0045190
0083613
0003596
0062014
0046674
0046713
0000087
0107543
0078758
0035918
0005740
0089468
0000839
0009450
0014766
0061578
0048139
0038913
0077657
0091452
0097433
0070437
0017104
0040906
0049475
0038242
0041569
0075147
0098967
0051500
0046636
0103539
0061379
0109640
0104651
0069976
0055808
0059032
0004305
0107108
0033726
0113661
0100915
0105774
0080249
0059336
0007015
0049587
0055165
0099668
0052270
0111846
0064011
0114893
0081550
0065183
0034444
0019671
0040843
0038600
0041621
0006748
0065953
0084811
0061812
0118800
0101526
0008033
0113630
0010395
0014937
0003554
0081388
0063780
0055337
0098300
0053795
0073980
0121989
0108959
0082351
0028570
0020929
0121117
0025181
0026114
0013988
0023844
0059173
0109230
0053960
0078130
0033576
0064608
0041914
0104355
0078517
0044518
0087743
0042644
0002684
0083526
0062216
0064022
0068981
0119566
0035636
0113358
0040081
0118272
0009033
0049728
0125346
0095887
0083446
0109456
0019434
0028712
0103674
0073220
0057259
0078287
0069703
0031083
0121911
0109839
0068516
0013060
0109841
0036420
0081396
0051364
0044648
0102727
0001194
0087686
0026900
0088418
0004895
0024251
0000166
0117671
0114068
0063145
0048235
0042799
0076287
0024362
0053446
0000827
0101035
0084239
0061145
0022714
0077160
0038615
0000069
0084284
0020566
0115248
0099305
0050708
0055766
0034490
0033924
0011000
0017319
0091914
0046333
0074196
0005773
0112888
0054964
0027763
0110084
0032335
0032277
0018620
0022543
0120453
0067614
0041439
0104930
0109563
0083821
0025539
0025905
0054990
0020123
0005384
0089441
0037370
0076099
0090910
0053003
0084559
0046742
0038123
0087587
0022548
0095286
0001526
0005109
0064881
0037603
0103343
0124162
0087517
0003268
0040589
0018346
0061210
0062202
0023692
0045639
0096162
0066934
0064614
0004641
0031993
0104531
0042239
0091653
0075355
0071745
0047090
0058562
0074173
0066290
0046308
0002054
0038411
0090359
0111236
0097684
0073020
0113831
0053790
0019381
0103715
0060224
0099093
0093713
0083602
0004308
0111569
0116984
0113906
0034956
0036610
0074896
0113225
0076451
0011843
0085069
0021613
0069360
0097195
0052966
0084549
0007077
0119494
0040276
0009112
0058721
0032830
0051880
0056150
0116181
0024913
0077228
0119241
0005604
0082073
0118116
0037572
0084603
0042415
0036642
0080659
0087360
0062648
0109093
0081515
0077120
0034045
0006628
0053511
0060889
0028549
0076711
0060128
0037811
0019928
0040506
0045218
0041115
0082627
0057164
0020543
0100086
0048327
0046845
0068845
0048070
0114874
0006450
0008479
0045238
0105413
0079844
0091068
0016728
0068433
0103599
0030364
0039800
0022963
0092446
0010467
0023938
0035052
0044050
0022965
0070030
0047127
0083042
0012358
0034131
0030602
0023913
0062554
0046479
0077986
0036582
0089325
0084573
0070027
0025410
0117698
0072167
0046672
0111623
0014055
0119338
0068161
0063493
0031970
0010020
0017880
0086645
0089730
0090173
0062799
0084979
0079672
0016276
0002787
0022505
0050224
0007613
0023794
0119518
0011149
0025401
0071339
0072156
0100009
0028791
0071092
0105136
0076537
0071079
0113049
0076831
0072834
0002740
0117621
0054850
0015986
0019228
0043328
0006407
0114812
0023580
0109082
0110854
0000305
0098480
0107417
0020342
0002224
0075928
0070325
0024352
0088404
0024483
0018575
0043380
0074407
0088924
0031030
0008028
0004716
0116356
0111992
0027419
0099113
0004174
0020733
0009271
0046547
0040421
0056465
0010299
0009234
0034036
0060138
0071479
0018673
0052824
0124678
0017499
0069429
0093211
0067788
0025142
0010223
0074642
0121832
0006028
0024322
0007548
0036678
0070578
0079687
0004340
0032586
0081057
0027905
0107323
0032811
0054324
0014581
0053101
0105304
0095312
0065256
0018181
0099174
0070772
0069205
0023366
0016291
0102799
0094372
0008036
0037140
0074807
0052316
0036623
0093668
0098294
0111730
0017130
0023431
0009508
0092426
0088277
0036823
0000609
0020973
0019804
0075867
0117174
0052044
0001023
0002188
0091132
0040041
0090794
0039697
0011526
0045366
0041086
0076612
0014789
0093553
0055143
0034744
0089537
0022682
0074903
0109995
0108906
0047454
0059848
0087139
0043091
0011764
0004894
0051732
0061397
0024284
0013072
0014381
0049514
0018125
0067761
0022928
0007964
0007385
0091751
0076522
0027044
0081050
0070961
0046153
0028859
0047654
0015370
0052985
0053895
0018215
0059484
0093026
0053877
0117117
0078563
0105649
0051787
0015858
0065125
0051418
0089624
0035513
0086650
0012134
0084367
0051675
0001173
0111956
0025025
0100910
0046019
0073277
0064748
0115263
0085756
0108270
0108569
0096436
0056590
0088199
0090570
0037829
0116817
0110173
0093313
0045983
0107837
0067971
0104928
0048528
0031390
0105137
0049856
0042736
0117007
0005416
0051621
0089695
0070693
0070332
0050478
0046002
0003940
0056518
0061405
0094416
0111806
0063398
0000296
0003698
0108050
0005181
0043258
0008599
0119077
0013107
0024149
0083929
0033483
0124222
0007545
0120347
0046853
0084317
0109041
0062512
0099895
0001104
0056371
0085258
0020029
0034655
0087089
0054991
0123406
0020716
0043058
0086536
0011900
0114233
0054899
0094870
0003453
0011653
0038866
0051881
0056381
0058121
0122315
0095089
0052563
0040360
0042577
0009469
0055870
0086097
0100061
0035209
0082888
0078826
0045704
0097865
0081689
0074509
0115556
0105622
0032695
0024642
0112836
0032817
0064804
0107509
0086986
0051039
0113165
0074778
0075960
0033016
0108483
0027883
0087141
0005976
0018731
0051373
0040423
0003103
0089375
0085282
0064724
0061275
0095953
0001986
0038592
0030468
0081896
0118013
0082241
0049715
0081639
0119078
0072808
0016927
0025457
0080885
0104662
0029567
0013572
0088995
0051429
0020684
0028681
0074468
0077424
0014524
0093243
0008200
0088153
0012799
0058920
0039434
0104463
0027646
0022635
0045773
0029660
0033348
0056393
0038418
0005790
0001852
0040926
0077010
0085421
0024137
0100575
0052992
0042959
0040088
0084936
0016181
0051897
0088196
0060699
0087191
0092441
0032468
0071551
0056236
0002887
0072478
0044492
0108713
0114563
0111638
0112665
0050616
0004247
0058981
0046594
0094990
0067140
0117373
0094514
0098782
0090032
0055873
0030610
0112093
0020047
0032136
0011933
0051853
0069773
0112814
0108835
0096416
0105057
0114265
0119295
0077022
0076707
0118529
0005574
0062274
0050617
0053974
0019534
0068345
0104303
0061366
0053079
0022531
0075151
0012930
0029417
0059006
0052217
0030055
0043563
0101989
0031082
0080587
0044217
0102668
0042780
0073607
0075931
0012956
0056539
0107213
0062854
0038639
0095853
0050264
0042547
0011391
0048770
0013567
0112545
0110925
0109863
0092933
0000944
0013710
0025723
0029013
0019341
0095482
0086344
0053759
0104148
0031603
0019832
0062294
0041874
0075954
0081561
0085499
0113980
0000066
0063316
0017261
0118625
0043700
0025560
0088270
0124533
0017109
0113000
0065952
0078732
0091429
0016126
0072956
0032228
0037968
0086110
0046576
0012006
0031876
0090149
0117690
0038700
0090212
0039532
0045649
0053283
0117793
0083275
0036105
0024903
0072731
0114280
0032604
0045485
0009622
0031625
0047281
0052161
0028871
0098440
0054224
0019467
0077804
0067484
0085323
0037615
0052541
0074923
0032999
0102223
0047656
0026832
0094158
0089354
0068103
0004803
0103027
0042189
0021429
0030642
0086562
0008774
0101426
0090578
0019561
0013268
0007128
0010645
0006010
0066344
0011691
0001258
0055115
0002542
0110812
0039359
0016629
0081551
0023201
0117001
0025467
0109966
0120874
0116066
0017115
0053637
0006237
0006761
0060129
0004103
0116119
0081967
0061711
0034757
0089036
0033039
0089513
0114737
0103368
0075413
0060679
0105657
0069640
0074931
0087858
0006918
0007721
0087797
0091313
0095568
0081763
0070294
0119708
0044864
0111526
0112789
0083284
0034902
0020469
0058407
0064296
0091044
0110907
0058224
0020457
0079115
0063882
0009130
0028651
0043526
0064580
0116763
0042155
0014486
0001166
0116838
0123280
0085011
0015353
0125296
0001319
0062269
0040416
0014908
0083509
0107909
0028202
0014517
0097054
0115261
0068705
0003541
0049771
0075368
0001888
0069843
0001412
0083978
0036347
0067416
0090505
0008949
0081527
0090312
0051209
0085777
0095123
0063541
0103055
0021042
0107429
0019765
0074829
0116801
0043641
0078315
0034963
0056838
0097829
0049050
0048178
0086022
0074175
0107014
0071891
0090301
0024374
0018145
0004144
0088660
0055790
0054498
0056759
0008458
0109448
0018916
0012553
0077173
0123482
0016544
0100799
0102990
0030455
0041340
0067884
0044974
0030584
0067481
0106353
0045596
0019937
0015441
0117548
0093139
0090535
0043950
0057316
0079912
0054146
0083360
0007226
0114502
0085648
0118395
0010005
0093231
0087610
0100414
0062306
0118954
0008498
0120566
0052460
0115921
0091063
0109430
0065974
0075212
0008304
0099391
0078751
0115643
0124113
0053797
0124951
0003311
0107015
0045609
0065867
0079720
0088500
0074905
0041145
0077112
0057202
0097742
0071920
0066712
0101378
0034468
0019172
0099615
0075916
0025594
0092068
0023129
0021122
0059083
0045563
0026214
0058240
0027199
0117565
0009575
0069538
0115246
0000474
0074180
0064955
0026564
0034763
0114169
0048357
0095972
0116885
0122719
0074857
0024335
0030940
0085073
0089900
0006950
0092174
0035381
0043835
0027447
0056121
0014031
0044261
0076927
0096122
0015176
0120486
0056572
0009903
0014293
0087736
0087264
0027329
0039703
0034396
0115378
0037765
0031662
0040417
0124739
0113297
0093374
0071081
0072785
0014587
0045545
0027531
0103323
0013810
0004474
0073081
0021051
0060255
0085342
0068313
0090445
0062919
0022081
0030051
0072083
0015249
0083429
0086677
0037540
0117056
0123483
0090162
0026139
0089388
0110209
0095934
0029434
0123750
0111300
0014313
0005607
0048092
0021509
0115290
0087045
0093205
0070756
0025893
0069277
0087337
0050392
0001074
0086228
0090845
0050731
0055096
0000493
0005033
0017721
0047942
0007302
0090528
0091110
0074590
0075435
0064877
0035885
0097874
0099204
0095184
0015989
0023739
0003808
0058140
0056142
0105119
0024823
0037168
0081071
0031378
0124245
0061759
0070082
0033014
0019270
0032619
0014831
0005238
0053660
0086267
0038732
0040280
0051284
0072868
0088688
0106520
0008459
0009392
0003090
0088421
0043622
0061179
0075943
0041065
0081259
0104076
0013577
0024233
0048536
0028600
0095203
0084691
0047563
0037405
0110135
0009468
0055747
0101778
0098166
0089378
0082990
0056700
0026665
0013122
0013010
0112827
0020247
0091554
0001560
0121838
0041062
0001461
0077059
0113362
0121275
0056275
0108973
0073807
0044742
0091521
0021573
0107734
0035018
0020355
0000800
0038402
0066218
0103580
0022431
0054685
0107096
0031055
0046749
0005925
0115192
0085968
0105735
0024126
0096335
0095610
0115812
0093367
0054715
0118981
0082544
0064254
0020676
0100475
0088916
0048294
0015196
0057946
0020546
0008197
0037602
0072647
0077349
0115391
0008054
0103301
0036707
0017875
0099374
0101112
0110274
0094313
0014487
0031225
0086504
0066921
0045085
0058919
0102515
0115561
0099530
0076991
0039466
0058287
0033888
0046631
0032885
0002591
0054734
0018089
0065331
0002172
0106590
0120630
0039565
0093911
0088063
0105813
0109612
0077851
0023338
0080270
0103451
0094743
0013644
0076553
0078640
0024499
0097893
0053237
0051683
0047630
0077693
0026277
0069254
0074072
0010520
0042026
0092824
0005730
0030448
0047227
0116547
0108640
0095612
0030741
0056464
0057991
0106152
0043465
0095675
0001251
0040231
0061123
0123550
0035466
0118309
0034549
0026500
0109176
0052531
0027094
0109783
0024116
0008698
0026828
0020481
0015714
0098882
0105999
0099655
0050055
0018029
0057515
0079485
0116434
0050470
0066883
0114295
0081080
0056616
0066315
0095528
0077985
0060871
0031673
0008572
0071816
0012303
0093327
0090443
0105915
0116140
0066130
0056061
0100629
0115183
0085563
0097602
0098325
0016763
0122371
0093340
0112117
0065490
0046879
0113521
0055091
0078954
0068560
0106419
0120184
0064235
0037963
0064094
0068869
0036398
0073605
0002449
0003080
0093084
0013014
0120138
0101315
0089337
0022173
0095569
0120834
0046433
0048649
0066858
0023267
0115941
0115174
0078612
0064560
0013862
0046489
0074364
0023287
0017445
0121221
0022952
0102680
0067044
0049193
0019656
0040015
0020912
0040006
0108437
0044048
0076196
0035969
0069089
0112875
0088386
0059562
0104035
0059068
0005577
0061046
0012479
0032092
0095361
0113041
0046170
0018078
0004953
0049738
0055983
0063025
0097767
0109220
0004131
0115220
0001024
0113416
0039781
0019945
0077514
0068390
0064977
0004454
0012717
0063011
0082957
0101360
0039929
0100894
0123880
0094425
0057706
0009858
0006221
0069604
0057300
0045900
0052768
0089102
0072453
0022021
0100341
0009757
0065121
0107887
0004181
0117168
0091711
0041126
0042309
0060873
0078591
0039245
0110695
0099002
0049129
0123578
0123584
0095881
0010814
0093813
0110457
0070255
0016473
0074528
0032048
0036993
0015297
0116298
0012262
0044725
0117474
0037537
0013501
0029861
0056421
0030174
0088072
0024305
0080816
0030689
0039770
0125328
0102290
0114721
0092095
0048605
0099695
0029479
0029693
0078358
0044625
0085911
0020298
0103774
0098230
0050773
0026721
0038949
0029598
0119075
0012209
0077941
0046789
0102094
0000578
0120731
0033913
0055228
0012847
0072535
0103527
0058907
0012111
0025323
0093876
0014630
0107264
0084072
0063081
0043553
0048382
0088751
0018940
0118372
0113458
0091140
0007097
0112786
0062800
0036446
0020877
0017656
0073192
0080684
0098405
0060551
0100922
0122764
0123170
0003843
0035187
0045170
0035748
0033018
0049105
0083908
0119758
0041165
0112902
0043854
0048181
0104374
0067802
0079004
0071370
0065051
0118898
0066932
0096359
0041636
0091704
0054515
0050853
0051194
0121058
0108821
0029629
0112325
0033133
0101223
0013273
0081557
0100064
0031215
0049261
0025571
0034785
0087934
0049232
0068416
0119977
0047091
0044933
0055335
0094874
0094041
0110809
0048867
0071776
0088254
0102391
0118883
0002180
0067214
0004971
0052060
0082200
0018285
0056136
0048050
0049099
0064213
0093671
0121409
0067930
0033035
0037072
0100268
0035792
0018331
0078305
0079837
0087656
0078393
0010843
0089979
0071651
0035182
0035620
0050132
0103113
0028246
0018939
0093554
0064632
0043341
0076938
0123704
0059832
0101720
0120304
0049392
0015823
0038193
0077518
0123293
0067132
0113675
0057966
0106229
0046715
0024615
0119948
0047045
0093540
0023096
0033165
0041104
0018349
0082480
0064231
0010646
0073578
0071069
0118452
0077031
0068334
0023813
0064840
0004276
0070207
0041632
0045627
0070771
0031991
0066156
0117113
0063315
0116726
0124885
0000499
0124955
0037398
0117206
0076992
0067284
0006923
0090283
0082375
0101443
0022765
0045992
0027175
0113378
0107521
0066868
0105130
0106821
0078172
0019530
0029058
0121112
0033521
0023746
0002154
0050008
0019541
0068242
0022257
0037097
0121366
0031752
0090322
0066018
0066796
0100615
0030847
0000912
0016918
0061715
0024478
0051705
0033229
0062810
0093981
0087652
0020051
0046600
0004215
0123839
0100587
0015972
0125116
0034208
0039160
0009888
0027385
0078786
0090280
0123995
0073925
0084402
0082174
0003891
0011547
0067668
0021195
0095197
0028382
0028826
0119244
0047397
0087215
0068582
0061939
0007725
0061677
0070714
0021151
0037428
0090766
0123960
0033662
0081987
0049044
0046848
0052467
0064984
0080197
0083757
0043105
0046639
0016327
0025943
0064383
0099833
0080046
0026451
0063744
0057727
0107283
0121256
0108735
0027729
0044356
0013311
0059398
0102531
0002281
0003237
0111172
0101800
0105212
0022155
0109622
0088931
0007822
0012341
0066114
0043719
0081062
0061778
0107962
0048818
0046886
0120471
0039182
0042700
0009289
0000006
0068704
0009978
0015400
0018292
0103002
0013399
0051589
0105146
0112485
0087813
0037833
0106914
0111049
0080706
0034028
0076252
0115830
0013553
0080018
0028989
0056519
0086230
0053359
0109560
0084977
0104729
0105285
0081757
0098148
0077559
0004439
0051851
0107718
0043728
0021440
0125122
0053440
0069522
0089242
0125248
0099623
0035852
0041425
0051584
0042400
0000059
0046621
0021565
0077142
0115343
0055248
0045732
0006572
0055053
0025349
0016411
0116134
0065791
0058901
0086664
0019793
0068502
0092102
0048957
0038117
0053830
0023673
0066947
0040721
0050576
0108919
0086254
0103855
0037014
0108965
0106532
0085695
0030108
0057066
0076408
0052755
0023556
0039227
0055265
0039679
0121128
0088201
0000626
0058766
0123313
0082010
0075632
0030599
0112791
0025019
0046327
0054846
0081144
0083351
0032419
0003807
0024013
0089407
0059044
0116810
0058566
0113476
0016889
0059282
0073674
0048741
0048656
0076959
0034427
0067011
0072865
0027551
0099691
0032603
0007622
0000370
0105326
0081866
0074542
0093175
0009347
0031713
0085077
0027263
0003895
0090527
0115622
0003652
0015260
0024489
0117308
0060111
0121818
0049188
0009387
0056479
0073213
0034025
0028175
0066713
0123636
0047956
0020074
0112920
0013533
0085352
0060520
0009657
0006486
0053599
0050209
0030953
0013321
0030074
0096468
0073152
0094177
0087106
0101083
0046825
0013568
0011598
0085685
0027478
0083926
0035414
0124441
0008755
0000378
0085806
0110258
0022528
0008515
0002155
0120988
0079986
0086972
0124319
0058274
0119054
0120885
0071943
0056823
0089392
0063431
0079852
0105573
0118012
0084871
0079732
0077495
0053859
0073701
0022747
0107706
0056316
0014928
0103603
0102733
0058862
0087323
0008047
0081804
0115257
0090319
0104182
0051719
0052024
0024576
0047586
0043253
0033388
0029248
0081708
0063350
0106247
0031214
0105043
0017981
0073926
0039600
0093774
0112996
0096031
0114181
0102144
0076110
0056695
0115223
0092762
0084997
0042405
0081778
0103510
0078025
0027554
0011181
0074743
0119318
0004065
0038125
0018478
0054918
0115642
0068228
0019005
0119915
0076088
0019073
0042005
0118779
0015902
0051628
0106612
0067707
0095455
0038915
0099201
0081789
0002768
0117513
0100189
0011645
0026645
0033057
0030256
0084989
0048671
0029284
0007898
0033369
0002761
0078958
0060729
0057320
0123884
0015983
0077179
0083361
0037702
0028785
0018406
0021521
0051437
0021875
0046025
0024422
0053213
0034777
0104505
0071998
0078746
0123932
0111394
0094272
0025866
0117732
0103482
0091223
0103057
0071518
0002720
0120189
0035811
0039065
0012115
0111005
0117020
0061527
0031730
0025954
0047270
0074224
0064391
0115228
0035597
0050779
0125155
0116956
0049132
0014653
0048510
0097880
0065870
0027473
0004121
0089648
0078283
0098824
0124473
0104657
0019819
0003712
0047268
0025038
0021020
0023754
0117321
0081331
0058230
0118534
0048585
0115913
0084336
0023042
0001117
0077200
0004893
0121303
0118941
0081588
0059481
0089052
0056248
0045625
0025078
0058669
0041149
0065838
0060901
0050750
0032754
0053360
0060049
0005428
0110675
0003460
0093645
0077391
0025108
0060476
0089270
0003859
0047284
0115970
0088935
0084906
0062782
0101363
0096462
0013182
0053822
0099493
0098358
0027908
0048878
0073304
0062267
0076785
0085735
0083508
0101048
0038157
0116129
0036838
0078068
0120235
0009148
0028690
0008075
0037716
0016996
0061971
0049406
0115535
0024968
0076793
0026259
0030388
0077770
0001784
0068668
0119654
0011140
0119303
0005666
0092287
0086693
0042142
0078700
0085013
0083432
0021611
0052742
0119561
0051925
0095262
0019811
0090411
0002492
0072450
0043123
0009045
0048200
0096524
0109382
0032179
0058349
0054001
0019996
0019430
0100100
0024781
0080465
0007984
0108207
0025667
0080895
0011650
0078291
0052453
0062503
0068077
0074805
0067979
0094011
0024282
0021029
0060289
0061695
0084089
0010901
0031202
0104000
0023273
0057450
0013993
0054745
0000415
0049666
0002651
0074691
0055163
0116030
0069836
0033725
0079778
0063556
0114994
0049337
0104245
0118284
0028156
0011126
0096183
0079095
0008972
0078718
0048352
0034962
0061628
0063364
0060619
0107066
0072060
0010425
0020688
0123553
0104596
0009360
0034987
0105419
0085337
0059116
0000888
0003398
0026896
0096159
0005228
0070654
0081526
0021720
0068172
0106579
0026251
0123139
0038147
0110475
0103797
0043786
0079780
0114420
0099926
0119919
0082160
0019221
0004549
0029414
0093467
0070919
0102199
0031335
0062821
0059864
0106647
0040593
0002664
0064637
0034297
0103235
0031287
0109599
0008119
0063210
0033580
0119748
0073734
0035437
0025750
0051600
0076496
0035575
0082659
0023645
0024721
0028195
0039875
0085357
0073786
0098768
0087487
0044038
0055887
0026296
0119533
0077052
0014748
0007930
0040163
0073725
0033353
0092166
0076135
0084952
0037495
0113183
0045400
0109992
0002760
0089155
0009048
0059508
0056442
0050586
0032488
0038807
0123867
0023046
0055546
0118200
0121418
0085035
0032154
0066395
0032542
0076780
0118101
0064427
0086089
0062811
0073738
0093653
0089588
0058107
0065359
0086978
0061243
0107350
0047082
0080549
0024228
0020781
0024466
0089936
0105560
0104900
0039665
0091979
0056652
0096323
0036369
0105559
0017274
0070181
0066375
0075314
0054389
0049607
0102387
0125004
0098064
0073902
0051829
0114546
0066700
0020352
0071546
0083375
0075124
0109525
0113128
0120441
0034478
0097189
0013754
0059564
0048643
0044692
0098410
0040491
0057670
0104853
0008706
0116334
0110247
0081096
0000372
0033543
0006365
0037552
0041303
0004364
0055162
0099395
0096781
0089698
0004109
0029599
0048185
0116905
0122733
0016225
0028824
0087618
0060832
0029743
0015287
0120914
0123701
0024360
0015046
0027397
0035809
0107593
0031238
0068402
0003632
0093922
0038276
0044112
0009074
0031423
0035299
0040684
0058391
0040728
0017839
0038364
0089706
0090698
0086625
0036892
0005214
0089029
0096633
0093636
0016741
0078656
0039185
0080234
0117452
0029576
0080320
0102943
0118653
0063382
0033847
0111760
0001017
0094362
0110559
0089610
0078190
0071002
0118287
0121219
0121162
0095521
0106320
0053799
0019593
0084122
0053729
0037324
0038070
0016206
0055738
0055074
0015477
0105485
0123295
0081015
0100208
0087612
0060082
0123166
0115210
0099712
0123416
0037293
0027294
0027558
0025031
0028718
0036250
0043981
0096624
0070335
0094198
0061691
0085653
0027183
0090210
0045336
0038453
0110267
0105511
0044524
0019409
0043181
0100126
0088292
0092076
0053151
0027863
0063094
0082905
0095384
0012214
0006826
0072303
0001670
0014177
0015109
0093511
0025236
0108705
0031293
0067650
0063371
0019069
0025132
0038800
0107759
0032307
0063581
0044309
0026122
0000232
0066061
0049314
0108865
0034818
0033915
0049239
0096021
0074187
0036560
0051567
0056229
0005900
0063192
0017314
0118247
0014076
0004073
0039024
0124010
0098472
0014054
0035795
0072351
0010926
0014272
0057555
0098111
0059965
0111644
0113377
0108257
0110768
0051099
0088837
0052937
0055444
0018252
0079091
0033720
0067096
0097436
0044604
0039167
0102981
0032997
0011082
0033135
0038556
0055872
0031928
0112268
0072289
0036090
0101442
0012373
0105717
0054341
0010267
0104830
0069880
0074363
0025795
0107033
0112278
0099937
0028997
0113419
0011364
0058795
0117988
0086491
0062888
0022802
0111479
0029305
0121023
0096192
0033561
0023443
0079906
0014611
0001881
0067403
0038933
0057843
0040699
0079022
0087623
0080407
0077709
0040246
0003579
0011491
0102137
0092399
0099881
0069585
0121191
0119687
0033497
0053341
0072449
0035408
0077751
0035557
0115601
0123336
0057126
0076818
0012167
0000830
0083691
0003825
0064685
0045962
0124747
0066474
0098949
0066619
0062307
0013550
0047908
0088670
0042943
0101809
0073019
0103751
0041483
0056035
0120677
0050638
0084621
0104661
0108163
0051769
0050182
0111113
0117390
0120030
0057698
0088677
0043886
0074723
0051369
0109461
0015612
0006473
0000548
0124172
0021700
0042615
0045466
0021982
0119692
0123603
0102953
0100141
0039213
0111292
0099241
0119248
0016849
0118182
0108903
0059426
0064448
0041527
0027352
0063063
0057511
0082467
0014360
0026810
0092064
0045751
0071581
0086232
0036401
0078846
0039471
0036360
0113126
0030646
0049627
0090218
0085642
0073972
0078950
0017350
0059345
0091169
0016886
0074033
0038145
0034993
0081087
0041514
0086809
0015912
0061028
0006205
0042233
0010605
0033706
0105635
0065474
0015861
0032472
0058850
0076709
0096003
0083923
0002967
0057135
0020281
0116419
0031104
0092123
0058473
0048747
0096923
0034559
0110686
0003848
0120000
0000610
0076618
0037788
0033589
0061090
0008392
0080932
0086564
0119824
0059460
0055972
0076460
0055813
0063583
0074652
0066424
0114438
0044507
0069241
0034840
0064036
0068002
0048007
0065811
0124866
0013079
0062732
0104641
0071005
0088653
0008636
0065310
0120416
0022216
0019075
0062066
0042089
0004161
0012649
0012425
0076577
0062487
0092495
0017259
0073174
0107348
0010914
0001479
0023354
0098958
0092411
0062346
0018148
0109501
0097580
0065365
0064377
0112484
0114640
0021032
0082550
0033526
0065942
0099382
0081026
0094182
0050041
0103990
0079699
0108714
0034331
0030670
0050247
0109651
0008401
0074714
0044896
0009574
0029422
0115113
0049275
0002450
0019564
0095427
0124850
0009030
0082216
0116481
0114632
0062707
0108497
0095917
0023300
0037259
0121259
0024949
0010327
0119313
0000938
0054099
0029889
0076403
0124636
0007611
0085410
0074260
0005225
0065893
0016705
0107196
0101050
0121194
0029377
0086803
0100855
0056149
0074848
0106099
0035691
0074792
0082296
0011150
0095320
0082433
0048508
0081490
0103303
0020155
0107318
0110117
0063506
0115604
0098543
0047547
0047787
0042896
0082232
0108420
0100885
0026591
0045015
0009517
0005484
0072859
0022367
0021272
0021176
0000811
0033606
0104933
0121136
0080761
0067244
0039746
0088574
0049943
0094591
0022672
0086163
0100103
0067104
0100280
0066351
0030087
0079222
0125323
0024800
0006497
0028986
0118984
0020269
0110069
0020286
0101136
0079228
0006619
0034162
0025479
0080839
0122631
0071063
0014644
0061039
0086308
0105588
0098270
0087645
0109532
0050401
0025518
0014148
0037827
0005588
0025002
0087750
0063308
0114110
0066877
0075095
0060817
0019446
0109291
0018378
0003906
0049873
0007904
0084474
0063136
0118639
0092371
0080559
0082387
0106826
0083123
0012695
0119952
0034741
0061034
0022540
0085942
0067269
0006677
0039115
0060175
0000195
0054214
0019791
0020865
0086448
0098484
0100401
0021708
0083943
0099781
0039606
0003769
0057666
0079608
0100417
0115476
0125227
0061118
0109959
0097442
0073928
0084788
0116593
0052989
0088293
0061681
0007067
0124476
0082081
0033946
0049349
0088410
0105729
0063194
0070391
0082687
0052473
0074599
0016165
0095848
0075162
0096161
0015017
0062016
0030170
0081972
0076997
0008409
0105142
0015445
0098138
0042439
0086615
0061406
0037234
0080292
0066216
0113966
0023392
0098198
0000244
0120686
0106373
0043503
0098225
0047994
0065817
0051923
0004799
0031525
0016506
0110438
0016682
0064283
0001398
0111290
0004359
0067577
0095489
0040149
0112583
0003960
0078825
0095381
0110207
0078232
0001333
0103062
0100939
0035484
0035728
0042085
0063563
0074710
0053077
0108289
0049653
0117416
0034409
0100351
0001507
0025530
0080028
0063358
0039605
0008705
0049552
0086980
0114635
0030275
0034913
0100223
0012510
0030859
0005772
0013658
0007177
0108800
0117751
0070785
0072665
0040344
0109856
0025182
0051631
0077381
0076087
0060324
0011184
0113887
0036210
0076718
0064539
0062002
0102169
0094201
0024815
0063453
0086145
0023658
0097949
0046193
0103159
0057653
0091030
0114593
0110228
0004663
0051176
0119616
0027782
0048529
0086322
0026109
0007062
0036595
0042873
0111716
0100531
0105171
0067572
0010193
0030744
0116383
0109394
0063336
0086441
0099499
0008560
0050027
0108082
0113086
0036087
0046543
0073581
0066626
0019224
0032357
0076942
0070702
0016189
0039989
0031850
0071555
0104313
0042935
0003461
0010379
0071772
0075499
0020389
0102549
0117041
0085745
0069906
0021330
0111930
0061724
0093110
0114381
0016882
0066457
0014155
0027521
0044361
0011419
0100482
0050581
0022164
0030536
0119018
0012615
0074096
0012503
0003518
0055032
0060490
0041211
0027219
0016941
0018067
0000514
0003477
0017635
0104592
0083669
0097318
0053482
0063893
0036816
0072501
0082298
0054419
0011250
0107140
0090895
0019749
0097855
0016203
0008367
0016386
0033308
0070364
0076706
0050542
0034631
0030233
0080933
0052030
0078869
0061515
0021886
0074198
0043636
0065501
0003222
0039880
0035107
0095107
0115674
0065390
0020085
0082804
0003689
0015220
0078774
0021378
0030549
0112852
0086751
0045899
0113792
0036687
0057510
0036109
0091970
0063562
0123388
0072166
0031114
0106088
0093562
0023489
0123036
0102183
0051282
0041856
0120368
0001500
0045442
0054549
0111391
0088228
0125238
0088843
0081195
0009822
0118782
0012438
0094248
0033471
0055088
0014830
0010357
0032537
0085056
0119098
0072074
0020604
0023140
0021483
0083140
0030404
0081133
0015964
0040455
0065120
0071882
0002026
0096264
0106027
0121712
0081389
0028772
0073195
0118936
0084904
0009735
0007768
0038355
0068108
0065599
0037474
0061865
0114829
0111078
0084965
0053917
0075003
0026328
0018424
0060280
0005000
0010161
0078452
0069457
0062795
0015821
0062726
0052671
0083532
0077900
0117867
0111784
0038359
0111895
0105894
0089120
0075459
0040639
0070924
0093424
0103013
0060009
0003954
0086318
0052066
0076686
0094000
0028990
0066843
0070854
0033116
0036008
0006768
0101703
0108972
0109800
0070536
0081858
0059327
0042568
0058126
0020098
0037967
0066529
0094919
0012120
0059110
0091454
0084333
0067941
0027867
0108339
0044026
0031356
0051779
0061982
0013840
0026879
0058664
0124244
0056847
0121016
0022601
0094108
0019748
0026470
0054156
0104263
0023869
0112722
0030083
0035745
0057729
0000742
0042684
0036136
0049435
0075025
0032645
0058266
0019035
0063534
0012450
0056959
0087265
0039691
0028443
0091872
0028825
0024613
0036070
0119624
0116365
0107651
0053584
0085688
0074784
0049808
0091766
0105267
0105387
0016930
0009295
0014026
0007236
0057003
0114434
0028451
0076947
0071528
0022873
0124073
0037755
0079814
0037061
0033806
0029000
0034141
0022645
0022263
0044942
0087248
0087094
0000430
0053047
0121337
0032066
0108100
0023213
0023670
0120207
0058178
0092078
0117895
0067119
0026135
0037489
0096629
0077876
0083173
0101261
0089717
0097082
0120150
0011833
0024339
0009189
0083837
0045186
0105160
0068367
0059220
0091581
0027671
0025362
0094312
0010136
0087877
0099996
0075107
0100079
0064348
0007051
0098765
0053512
0119828
0049570
0088681
0049213
0007155
0075843
0029426
0003117
0067679
0029338
0059530
0016170
0051492
0071686
0113072
0076620
0029587
0076987
0118586
0123099
0067722
0077549
0003614
0002870
0082275
0001948
0033020
0021397
0122357
0060389
0059264
0094132
0006429
0012300
0072536
0095484
0057273
0070126
0048463
0026065
0111845
0049901
0047705
0007954
0053186
0005376
0080723
0058688
0038722
0026613
0039912
0100337
0010111
0074582
0093261
0077651
0095127
0044737
0039063
0100752
0043629
0056947
0032221
0113002
0118979
0089645
0000269
0068808
0102691
0005817
0104851
0068505
0041815
0116690
0039840
0030843
0044668
0056953
0008939
0062437
0024894
0032528
0042559
0097927
0056344
0030557
0069523
0098066
0013821
0079419
0114773
0103440
0101216
0088304
0069766
0123144
0058206
0002374
0105946
0104008
0071466
0107668
0094700
0037889
0095753
0054157
0039818
0091680
0032038
0122957
0101489
0035744
0080105
0036739
0062742
0080200
0031816
0094810
0124692
0026769
0071007
0041308
0093581
0049708
0051100
0116369
0080294
0091073
0086708
0082162
0107747
0091340
0064801
0079429
0093823
0091753
0023778
0113187
0102952
0010037
0009893
0070239
0023886
0040502
0063005
0058983
0038104
0069097
0113671
0059629
0087076
0059227
0003091
0026763
0110079
0001043
0103108
0058899
0045956
0114148
0123476
0118211
0122867
0053686
0110007
0009047
0103447
0027668
0026195
0099574
0073030
0078266
0063652
0009740
0017387
0007479
0005919
0017538
0111215
0115234
0041232
0006576
0026190
0016597
0101464
0018642
0102312
0117483
0024271
0120588
0045486
0074841
0116918
0083603
0066784
0104357
0047440
0114750
0054681
0078745
0002411
0088532
0121618
0045347
0114023
0063938
0085309
0094053
0005733
0093438
0076351
0075877
0032632
0124751
0091880
0058199
0063921
0000366
0027414
0019216
0054753
0090778
0024881
0023265
0058675
0048426
0059765
0121245
0044527
0000312
0060122
0085807
0116993
0042407
0008702
0066188
0047604
0054757
0038439
0013262
0101708
0029243
0012963
0113847
0106019
0009537
0075796
0095410
0019619
0096841
0066769
0062204
0000556
0123220
0010706
0049281
0000282
0046438
0076677
0058543
0104259
0106675
0007388
0003427
0086788
0033756
0113728
0075307
0040290
0048029
0112504
0125195
0000124
0009573
0041710
0013855
0113700
0008958
0018351
0006584
0075247
0121242
0007627
0044175
0110320
0094516
0051101
0075520
0062999
0019815
0083921
0097405
0009695
0043831
0018477
0016580
0104844
0049306
0022297
0079300
0103925
0001695
0023279
0113491
0038018
0074367
0089223
0012053
0063962
0003317
0121368
0100458
0098080
0017044
0101913
0063058
0109427
0012091
0036664
0070024
0066526
0105134
0106193
0072274
0092094
0024121
0030529
0066235
0025741
0024712
0035833
0015187
0050960
0077752
0096150
0090905
0089283
0096588
0088236
0076703
0024209
0083855
0065131
0028741
0051196
0029303
0016910
0091694
0077556
0042486
0065536
0122445
0007704
0049066
0041019
0026619
0067815
0075467
0089799
0064771
0005040
0056762
0106208
0081500
0061616
0101796
0116321
0088877
0026159
0049064
0047329
0033919
0070938
0071295
0020086
0031496
0104149
0044407
0050310
0099082
0100997
0063366
0116029
0092895
0010687
0060236
0080949
0046275
0031116
0078401
0051026
0040475
0053402
0067221
0029870
0052288
0120391
0042717
0118243
0030368
0036391
0107863
0017493
0101738
0021150
0120865
0110091
0069112
0047928
0030551
0094745
0074883
0039162
0102443
0109335
0028812
0011742
0004070
0082270
0028811
0073933
0078384
0119785
0125423
0038493
0117903
0068775
0023116
0093427
0123899
0042403
0110210
0113210
0084197
0046288
0036763
0029665
0049401
0045321
0006120
0056467
0061079
0100213
0004092
0119944
0020701
0025149
0021140
0011492
0065414
0089744
0052376
0121238
0013305
0009464
0023752
0117026
0073060
0030138
0055555
0066062
0013949
0112391
0072157
0113371
0095880
0082809
0005403
0060027
0066899
0073817
0078405
0107569
0113591
0044624
0050026
0073409
0010623
0060180
0105529
0005362
0047827
0027033
0091898
0005288
0023588
0027783
0031017
0107687
0032826
0112397
0123639
0051106
0104874
0092155
0060134
0080212
0018612
0115475
0001347
0040568
0120560
0023038
0087984
0085608
0054526
0076689
0018489
0049642
0091048
0094887
0117964
0050428
0024402
0073521
0104258
0004395
0078921
0111802
0080953
0020722
0030264
0096412
0119195
0035516
0122330
0089534
0008955
0047924
0057628
0019958
0103408
0097888
0096893
0106883
0014603
0029220
0022412
0002709
0087343
0023021
0100068
0006846
0014005
0078966
0124624
0002296
0017180
0120462
0099317
0015447
0108894
0083097
0092717
0002632
0069216
0077177
0028398
0082681
0098085
0010540
0016766
0030392
0012023
0026772
0082140
0008351
0094008
0095522
0084006
0009943
0122011
0016397
0085842
0097870
0056097
0096999
0005153
0098464
0031732
0040526
0055827
0117691
0108621
0061744
0026162
0048978
0105833
0102246
0005905
0055869
0015222
0070829
0057150
0050187
0060427
0105260
0001714
0058830
0032894
0058031
0110248
0001950
0080877
0052444
0099523
0034662
0122496
0041685
0080248
0000200
0113814
0021874
0079005
0109290
0056041
0081006
0031624
0037156
0050052
0107771
0077712
0094718
0027659
0009594
0117860
0048587
0108313
0093251
0099000
0089353
0068118
0073763
0120433
0112650
0087028
0059303
0110850
0069480
0065949
0029018
0051453
0064581
0026635
0014556
0044209
0043381
0049121
0062259
0079990
0052394
0124967
0103717
0052544
0009843
0110185
0114414
0003002
0032056
0068056
0071406
0061142
0120403
0035250
0032125
0003933
0073876
0048941
0043535
0003510
0107301
0119497
0045788
0042076
0110855
0094306
0084601
0098583
0089343
0027941
0086766
0122161
0125262
0068585
0080562
0107556
0073258
0041311
0074699
0107433
0066039
0069774
0044885
0125093
0036197
0026327
0124864
0022900
0029501
0102241
0035525
0090952
0030944
0070051
0083797
0025811
0047304
0073245
0097726
0037913
0095563
0092678
0062816
0074595
0104346
0004315
0083467
0106530
0099042
0019943
0079738
0064869
0093494
0096211
0095110
0053249
0109665
0065476
0107274
0088132
0016042
0054717
0117879
0104188
0075354
0048621
0046970
0114794
0077998
0097227
0099297
0017498
0034604
0038809
0027955
0071624
0096674
0003011
0056483
0059088
0000259
0010348
0099444
0058912
0107041
0105797
0018293
0059982
0100465
0104468
0026595
0026720
0066967
0062948
0032585
0055124
0107342
0080642
0095702
0056420
0124872
0003076
0109321
0111975
0081935
0086583
0039262
0070705
0083592
0106379
0002364
0030711
0076380
0025557
0009338
0119905
0101820
0077819
0026489
0027435
0079283
0102810
0048707
0005908
0025874
0063511
0021035
0008128
0030708
0092506
0094649
0016585
0120589
0063946
0041254
0118762
0087936
0023189
0009773
0085717
0024027
0117893
0012451
0076172
0114924
0096707
0034394
0110453
0005884
0037699
0026066
0073832
0068399
0106274
0118982
0030492
0036285
0028886
0017696
0003855
0042020
0098719
0079633
0088473
0002992
0092481
0114970
0105734
0036011
0063842
0008667
0032343
0087150
0028426
0104611
0013280
0103395
0069882
0008362
0096596
0035784
0113315
0106483
0110313
0098334
0020159
0107365
0013673
0062599
0122454
0100711
0088352
0053860
0098814
0013508
0118731
0037269
0031414
0065802
0076644
0030722
0014021
0046880
0102844
0054046
0060172
0070003
0118510
0004128
0075950
0057351
0024503
0066834
0070424
0016140
0087930
0057241
0118558
0001032
0092464
0011687
0070036
0118465
0101677
0093898
0018281
0054041
0083175
0001791
0104628
0094282
0061516
0096911
0050739
0050318
0025798
0115560
0058782
0077599
0059335
0108631
0007766
0056451
0053782
0123811
0069756
0022082
0081472
0123116
0072176
0090161
0062959
0095200
0054345
0073696
0068758
0034295
0072211
0006664
0120395
0074973
0113580
0047735
0035979
0002523
0015184
0040818
0096500
0081408
0013520
0110696
0108891
0063725
0094205
0033469
0064579
0075846
0048989
0034827
0031347
0033107
0037419
0053386
0094647
0030778
0119605
0002270
0018688
0057803
0120024
0030454
0022908
0076493
0022261
0026633
0097096
0119446
0046947
0100466
0112693
0074984
0049491
0093816
0077202
0079908
0031357
0058404
0057752
0112863
0040382
0039235
0011986
0056361
0024370
0113602
0061224
0054294
0075709
0092288
0068365
0086538
0108255
0110221
0049564
0082182
0023028
0098592
0042338
0027619
0066808
0070512
0121982
0062004
0110077
0030111
0021660
0007234
0059472
0065401
0023951
0075300
0011302
0104529
0042690
0107221
0027497
0107703
0029687
0093839
0108285
0103436
0048578
0016584
0110263
0023847
0063936
0016159
0005600
0017086
0090577
0047429
0112976
0118006
0007022
0106412
0017920
0046044
0043201
0008364
0086928
0009954
0113078
0035638
0046520
0083642
0003711
0062639
0027137
0010777
0048044
0033290
0082292
0038969
0021840
0004039
0062176
0063777
0042632
0091993
0036450
0073425
0061151
0112232
0107131
0022704
0045640
0094621
0107258
0000119
0024065
0086474
0094901
0001118
0020299
0099007
0039824
0015098
0099515
0012508
0000662
0061694
0087472
0017517
0011699
0077757
0031645
0004697
0013428
0123999
0082595
0048572
0091385
0121019
0010320
0049576
0076757
0103975
0068943
0113073
0075166
0082103
0063705
0002486
0070599
0042062
0064574
0007946
0037694
0112968
0114298
0034584
0105060
0068129
0003093
0016977
0044845
0120019
0083066
0001727
0027363
0006527
0035179
0044928
0064645
0005768
0046542
0101590
0099484
0072882
0079755
0064610
0106469
0053629
0118194
0048781
0094161
0025010
0061021
0047420
0036444
0114447
0036764
0026964
0028617
0088247
0076811
0055362
0123115
0055021
0016600
0004990
0092763
0035603
0089411
0047605
0024409
0007360
0077436
0002350
0038995
0076540
0059065
0111006
0058818
0060910
0019445
0057787
0068084
0099477
0086787
0083277
0052917
0003136
0085626
0115522
0048085
0048636
0116185
0109417
0111398
0050671
0044411
0061115
0018317
0061103
0096074
0101807
0057469
0093941
0047087
0123000
0072433
0010301
0058609
0040236
0082943
0109496
0023410
0059139
0049685
0085031
0066304
0100181
0077013
0072607
0119287
0118966
0056311
0003852
0067017
0054584
0101976
0042858
0052993
0070339
0070689
0004288
0048397
0086836
0056641
0073707
0044375
0046401
0028414
0087679
0001855
0063933
0030309
0105035
0042578
0057169
0051794
0074791
0077367
0101297
0075761
0074443
0008178
0111542
0028595
0046843
0074793
0020881
0095803
0023239
0009399
0100222
0109169
0124765
0100312
0069953
0116144
0095862
0036382
0035212
0077378
0091046
0084772
0052182
0105248
0002490
0034996
0062922
0054067
0083911
0026760
0084827
0103793
0111517
0080034
0091526
0087040
0036766
0084450
0059357
0035843
0054837
0032010
0076952
0083917
0114974
0006872
0011789
0092413
0103533
0014850
0007902
0030335
0043601
0048563
0089647
0024100
0067920
0104675
0031744
0113135
0014126
0102028
0029994
0022658
0020097
0033091
0111890
0115755
0113258
0043129
0067747
0004093
0060234
0009476
0124154
0029169
0119817
0041110
0092185
0011946
0089536
0040714
0000647
0053127
0068419
0030752
0037825
0046145
0107424
0035742
0042269
0033624
0040119
0058792
0065693
0076876
0017866
0000173
0108258
0080347
0074172
0074813
0055351
0047365
0085594
0108812
0011122
0056961
0008147
0094226
0102293
0075890
0015190
0104499
0009872
0045976
0036632
0012547
0011172
0076376
0059128
0068413
0097039
0002920
0096872
0018879
0112416
0027130
0118973
0088977
0096685
0065574
0055505
0073078
0047689
0103047
0012837
0123286
0120554
0029218
0121290
0013430
0085856
0072117
0103816
0005893
0094559
0002290
0118177
0006484
0062553
0055123
0100786
0046717
0110050
0106133
0105188
0063010
0073568
0001710
0077407
0066879
0107557
0031952
0052663
0075913
0062150
0025705
0056920
0078139
0057783
0109685
0000273
0038703
0091695
0031782
0082604
0069814
0061050
0081635
0012374
0004030
0085208
0015774
0023200
0095693
0015328
0010596
0049953
0068512
0120659
0082590
0069452
0035540
0111579
0090442
0094005
0099293
0094112
0056365
0060144
0075377
0116528
0011640
0012739
0120867
0059148
0064559
0119688
0044825
0113942
0061858
0059840
0039662
0046363
0041467
0039950
0119747
0045560
0030091
0080021
0084750
0086369
0035101
0002303
0015653
0101610
0110929
0111589
0028109
0080788
0096163
0039224
0013555
0096779
0077283
0023098
0088493
0056424
0045227
0072432
0117011
0057433
0026865
0117834
0082755
0016180
0054359
0111825
0038013
0008275
0071267
0107669
0121860
0002170
0026364
0055545
0037726
0046770
0092402
0066250
0061276
0058542
0057990
0118581
0000791
0078694
0068675
0100145
0070839
0056120
0014363
0035315
0009088
0080873
0070913
0101449
0042531
0066699
0078192
0075825
0062412
0097188
0054164
0053288
0070891
0091233
0097533
0115169
0033601
0095179
0077640
0030418
0016922
0056395
0034050
0044685
0043958
0052702
0118341
0008386
0059858
0075017
0043009
0060367
0053798
0034321
0053088
0097309
0071416
0035665
0032916
0056795
0006157
0030912
0049963
0118228
0041261
0000217
0065935
0012635
0083776
0101362
0117909
0054752
0045687
0043991
0125059
0091718
0031735
0044662
0101781
0024776
0098055
0110427
0076120
0042475
0033832
0009507
0105610
0054182
0048119
0037659
0108281
0004676
0002545
0044959
0032252
0065587
0063234
0040917
0107322
0051650
0004801
0062814
0103212
0048434
0096830
0072470
0064467
0105025
0094789
0021584
0076598
0040862
0000928
0002025
0062930
0080055
0002934
0049246
0058486
0120072
0019826
0029197
0023651
0003288
0005540
0057651
0073120
0055693
0060770
0041774
0010870
0023666
0068329
0087558
0003678
0002830
0086485
0053460
0091583
0102438
0082413
0002635
0037984
0089213
0007599
0000739
0000767
0045565
0103955
0011902
0033571
0092569
0075353
0117737
0047765
0006744
0029536
0022732
0077743
0082000
0101016
0064230
0074621
0007713
0095529
0082061
0098845
0039220
0039207
0056294
0041872
0092205
0099782
0067126
0020558
0046189
0115396
0062339
0054191
0007788
0041204
0119352
0037354
0019163
0055574
0012766
0081434
0109697
0100078
0101877
0026090
0082257
0070796
0044690
0083158
0105007
0112984
0032975
0029155
0001828
0033148
0016156
0057992
0106166
0014828
0018245
0033502
0022385
0063924
0033143
0102857
0056362
0085748
0053727
0030234
0075438
0101657
0116776
0103078
0013964
0103830
0027889
0025960
0125008
0094180
0009225
0066745
0014981
0066096
0047465
0082235
0012476
0109173
0084968
0035856
0016834
0036377
0068169
0119270
0106947
0096713
0004033
0087129
0072780
0040883
0095243
0098183
0112376
0037188
0093421
0056834
0123718
0057559
0071585
0080502
0106078
0090427
0024440
0063435
0001451
0062111
0109715
0061795
0115796
0105799
0030165
0035026
0063843
0085018
0041351
0090956
0019590
0099970
0078501
0060961
0108396
0020683
0020583
0040284
0105467
0112721
0122210
0055776
0075915
0122354
0092055
0036532
0121541
0108675
0089115
0103984
0109614
0033828
0023909
0012336
0035305
0116213
0065916
0092794
0106181
0006417
0066328
0111864
0096630
0094539
0066978
0035804
0061870
0060055
0076265
0023168
0082678
0115419
0111680
0075626
0115519
0095093
0086894
0073510
0036040
0001914
0041012
0107337
0087493
0051740
0006740
0080704
0028550
0079707
0115575
0116381
0091956
0094603
0039958
0057365
0083996
0021443
0042732
0037941
0111413
0116936
0082240
0067678
0034491
0014166
0100495
0037403
0073391
0053669
0031786
0000320
0042165
0082052
0016677
0087705
0106682
0082131
0016596
0011720
0114435
0074454
0061996
0033015
0117299
0041700
0079878
0120952
0115142
0113624
0026438
0085289
0105055
0037067
0014734
0082476
0022524
0095686
0116544
0059678
0029847
0016178
0095325
0038941
0053221
0019613
0034762
0113567
0001176
0078199
0040110
0039397
0059729
0016248
0035727
0035947
0070216
0018898
0057210
0115236
0004515
0002902
0052333
0003482
0019337
0082431
0120730
0103233
0100233
0114425
0056117
0029398
0087972
0116097
0030777
0054564
0110639
0004632
0015750
0044182
0062159
0033425
0083743
0074453
0102975
0039789
0043363
0021842
0016956
0106689
0122709
0070921
0068008
0088612
0124953
0114361
0060671
0077425
0068430
0049088
0054865
0005076
0016913
0094389
0085661
0076843
0071362
0108451
0117971
0046681
0078690
0010654
0057153
0019518
0004046
0098667
0124574
0034571
0114722
0083629
0076097
0059940
0012817
0007318
0113177
0011478
0102800
0042112
0117067
0041069
0124171
0049194
0102948
0113301
0068301
0067804
0070411
0002229
0085589
0032973
0043279
0118067
0001993
0091268
0086121
0024015
0095259
0010782
0068823
0077548
0065209
0012361
0053411
0111465
0023817
0013249
0098141
0087640
0091197
0075667
0063035
0016011
0066082
0029180
0117190
0026357
0065466
0017735
0049529
0096027
0084008
0116220
0062112
0022181
0104419
0034663
0062520
0100042
0107409
0086231
0089664
0119335
0075443
0040142
0077687
0030474
0092701
0017807
0036543
0014113
0040291
0047798
0013716
0047173
0020382
0014843
0037700
0106733
0013696
0015192
0022288
0035441
0020502
0089049
0007342
0125306
0037113
0057106
0097495
0013233
0060747
0048475
0059961
0120363
0038431
0024716
0109334
0055399
0026608
0048071
0054158
0039050
0055621
0004028
0107182
0093670
0051143
0117441
0116996
0088140
0064750
0019776
0105434
0091975
0102064
0001274
0118555
0071599
0116596
0047382
0008224
0049803
0089492
0107110
0092910
0093429
0108937
0066732
0116049
0057607
0115372
0114947
0072629
0079978
0071932
0061900
0068410
0014803
0051226
0091710
0086414
0026154
0011423
0054785
0106253
0066791
0075957
0071593
0072152
0083279
0075125
0029591
0020108
0113028
0055244
0038881
0048554
0106265
0108210
0043895
0118743
0108499
0043654
0078334
0038829
0090126
0064444
0064048
0085840
0012682
0112818
0105307
0104321
0112809
0008329
0035502
0089506
0051425
0045882
0071784
0038900
0033296
0039807
0088764
0109778
0118774
0035624
0097805
0001310
0108590
0017135
0024300
0060331
0074504
0056724
0023822
0091410
0078724
0089657
0081436
0082738
0015340
0087710
0071703
0048538
0018221
0108980
0069386
0115465
0054189
0093900
0075287
0086263
0001342
0106776
0055957
0049617
0017297
0115112
0113526
0067908
0079861
0000510
0003300
0102403
0023647
0003367
0004201
0049082
0098227
0041263
0034882
0019295
0007406
0075735
0069853
0016120
0092614
0083230
0013771
0096385
0037266
0110088
0094844
0054358
0114570
0040324
0118435
0103904
0079896
0000367
0007418
0088923
0123917
0103923
0028691
0082116
0073076
0057416
0093644
0052472
0101604
0001978
0112450
0121405
0064582
0091597
0053129
0015637
0059821
0085770
0033973
0020142
0079879
0109429
0084864
0081790
0118886
0102787
0064273
0016030
0020751
0042206
0105562
0109958
0105513
0073214
0069628
0067839
0108450
0063579
0052947
0030398
0019998
0002666
0069999
0046751
0061100
0015827
0113841
0090220
0013000
0041584
0006545
0020765
0019367
0077376
0099747
0072279
0105229
0057280
0034144
0071217
0100770
0030008
0118505
0102206
0021097
0080324
0093569
0037645
0022529
0087430
0018569
0123812
0037026
0061739
0101012
0092712
0043708
0118077
0003153
0031891
0123824
0091447
0076182
0108611
0007219
0042580
0010269
0123062
0088477
0070273
0044405
0057597
0052248
0113545
0104142
0120186
0042485
0002741
0046555
0022729
0118781
0089711
0066654
0068947
0078421
0000434
0100446
0019279
0089363
0008730
0044150
0125278
0088402
0112441
0081570
0068750
0097489
0029185
0085455
0066859
0015323
0111607
0120284
0116845
0020594
0078518
0007525
0007195
0016594
0075245
0072201
0107918
0014659
0075605
0100242
0099660
0090993
0026859
0067176
0025023
0005947
0119125
0050462
0024445
0088246
0006646
0088729
0101349
0067518
0110710
0052192
0116799
0029128
0077834
0118561
0035510
0076527
0094331
0059957
0025863
0016725
0033245
0029993
0101636
0006347
0044646
0041269
0009215
0009557
0027872
0001563
0089144
0090941
0114901
0073518
0109190
0104781
0116052
0097380
0023149
0037415
0046031
0097412
0042362
0019298
0110594
0110950
0003555
0046902
0097153
0071948
0112457
0099091
0003467
0011169
0058742
0020974
0045253
0052425
0101339
0033560
0110897
0097071
0001649
0120384
0102808
0001511
0028299
0069340
0061987
0094617
0016776
0031848
0094712
0045981
0092137
0008134
0028404
0014130
0072586
0116994
0072776
0031465
0087308
0004057
0038629
0106219
0049559
0120192
0053304
0035374
0041098
0105283
0065842
0089887
0100995
0006439
0120026
0083287
0100926
0008585
0110095
0117264
0057388
0119309
0102725
0023776
0005012
0035104
0088943
0111119
0017017
0111410
0076918
0095292
0022934
0029880
0103400
0024928
0094123
0033313
0081203
0008107
0065102
0030904
0022944
0056235
0063886
0092907
0071899
0011112
0069084
0005693
0014001
0023249
0054911
0072212
0120563
0001066
0003077
0072192
0079416
0108769
0059424
0085513
0011561
0095225
0091835
0064496
0110514
0061425
0043491
0045591
0095323
0037662
0038736
0071138
0048286
0094237
0066872
0007945
0074574
0043822
0102379
0045050
0065094
0032396
0051834
0062929
0031262
0106937
0009840
0094716
0053750
0084564
0019204
0077685
0111125
0124989
0066790
0012732
0052154
0074806
0096035
0082024
0028418
0102475
0015434
0085604
0117487
0000456
0118684
0079109
0003128
0108854
0081990
0073542
0119674
0106402
0032302
0027097
0091041
0017331
0085718
0048396
0043985
0103832
0088223
0058564
0054663
0063424
0033375
0121228
0067473
0106525
0061688
0004898
0081373
0123647
0014821
0108890
0035635
0094438
0040136
0107532
0086989
0069273
0004806
0010793
0063913
0038748
0047428
0094910
0099281
0031710
0025156
0062958
0029391
0102102
0017948
0029844
0108813
0056683
0009239
0008269
0119483
0077356
0114840
0087742
0098965
0077403
0083130
0015277
0069237
0016324
0111322
0089436
0024424
0088378
0000939
0030558
0110709
0072565
0086017
0004122
0068101
0021368
0024720
0085703
0004509
0024158
0002853
0046847
0092749
0079854
0070954
0119743
0124806
0081154
0043842
0049862
0029157
0097705
0011915
0104117
0032954
0056175
0008563
0089030
0045063
0060994
0069323
0102561
0055120
0111797
0064528
0093206
0006225
0025800
0114399
0115412
0013086
0101728
0111028
0123601
0018435
0066180
0087120
0099368
0113174
0000756
0013129
0077284
0065769
0017395
0109735
0018853
0105363
0088654
0089256
0083059
0049260
0022317
0004994
0001286
0117591
0114234
0105929
0070068
0105466
0110487
0117693
0016780
0033632
0026152
0088582
0061500
0012809
0004431
0014300
0108826
0006153
0087965
0048999
0032289
0084663
0015379
0092296
0062675
0029528
0034539
0031167
0092655
0090267
0083520
0118294
0092946
0062036
0000787
0054133
0096217
0088450
0055139
0013075
0063600
0056600
0033336
0036039
0010205
0007900
0120863
0123954
0088048
0077121
0037277
0020944
0029187
0111309
0005058
0051416
0014669
0106034
0016906
0063285
0018498
0001340
0073027
0087318
0069622
0100186
0031787
0017946
0053030
0040724
0123813
0008547
0045358
0069650
0088501
0044306
0033233
0084537
0011982
0069398
0030497
0029760
0122094
0002713
0042114
0068191
0017176
0008739
0021416
0116287
0011304
0038438
0115329
0057426
0101423
0085651
0061102
0058456
0062303
0091891
0009929
0098948
0104371
0088951
0011284
0074438
0001016
0088711
0040704
0032046
0049675
0096004
0061383
0016081
0114104
0055078
0038185
0045567
0120685
0107288
0076324
0014949
0018197
0040647
0026955
0021628
0017804
0066980
0018379
0058508
0092947
0049619
0002659
0063440
0079191
0090885
0069930
0104485
0103131
0074491
0089240
0084685
0036518
0030017
0073796
0056155
0026345
0100596
0083154
0043036
0056318
0097202
0086856
0036969
0026462
0056099
0053309
0104223
0064835
0093798
0049621
0062650
0101896
0008858
0022108
0010230
0079874
0108576
0122414
0099738
0094121
0107116
0010503
0010057
0072170
0058400
0069267
0122698
0058141
0007334
0098551
0011303
0065927
0010392
