tr12 0 0000151 1
tr12 0 0000226 1
tr12 0 0000396 1
tr12 0 0000522 1
tr12 0 0000584 1
tr12 0 0000660 1
tr12 0 0000875 1
tr12 0 0000898 1
tr12 0 0000926 1
tr12 0 0001061 1
tr12 0 0001261 1
tr12 0 0001274 1
tr12 0 0001302 1
tr12 0 0001331 1
tr12 0 0001469 1
tr12 0 0001486 1
tr12 0 0001503 1
tr12 0 0001603 1
tr12 0 0001605 1
tr12 0 0001649 1
tr12 0 0001697 1
tr12 0 0001730 1
tr12 0 0001740 1
tr12 0 0001790 1
tr12 0 0001872 1
tr12 0 0001900 1
tr12 0 0001969 1
tr12 0 0002095 1
tr12 0 0002133 1
tr12 0 0002201 1
tr12 0 0002358 1
tr12 0 0002418 1
tr12 0 0002514 1
tr12 0 0002558 1
tr12 0 0002569 1
tr12 0 0002617 1
tr12 0 0002728 1
tr12 0 0002802 1
tr12 0 0003182 1
tr19 0 0003259 1
tr19 0 0003269 1
tr19 0 0003283 1
tr19 0 0003285 1
tr19 0 0003293 1
tr19 0 0003296 1
tr19 0 0003298 1
tr19 0 0003317 1
tr19 0 0003350 1
tr19 0 0003377 1
tr19 0 0003390 1
tr19 0 0003428 1
tr19 0 0003438 1
tr19 0 0003442 1
tr19 0 0003490 1
tr19 0 0003520 1
tr19 0 0003554 1
tr19 0 0003591 1
tr19 0 0003653 1
tr19 0 0003746 1
tr19 0 0003750 1
tr19 0 0003763 1
tr19 0 0003803 1
tr19 0 0003808 1
tr19 0 0003850 1
tr19 0 0003855 1
tr19 0 0003887 1
tr19 0 0003893 1
tr19 0 0003897 1
tr19 0 0003913 1
tr19 0 0003961 1
tr19 0 0003994 1
tr19 0 0003996 1
tr19 0 0004043 1
tr19 0 0004046 1
tr19 0 0004052 1
tr19 0 0004110 1
tr19 0 0004124 1
tr19 0 0004125 1
tr19 0 0004166 1
tr19 0 0004190 1
tr19 0 0004191 1
tr19 0 0004197 1
tr19 0 0004231 1
tr19 0 0004233 1
tr19 0 0004255 1
tr19 0 0004258 1
tr19 0 0004269 1
tr19 0 0004285 1
tr19 0 0004287 1
tr19 0 0004289 1
tr19 0 0004295 1
tr19 0 0004299 1
tr19 0 0004312 1
tr19 0 0004390 1
tr19 0 0004426 1
tr19 0 0004465 1
tr19 0 0004466 1
tr19 0 0004470 1
tr19 0 0004474 1
tr19 0 0004478 1
tr19 0 0004481 1
tr19 0 0004487 1
tr19 0 0004500 1
tr19 0 0004528 1
tr19 0 0004550 1
tr19 0 0004552 1
tr19 0 0004559 1
tr19 0 0004582 1
tr19 0 0004590 1
tr19 0 0004594 1
tr19 0 0004605 1
tr19 0 0004627 1
tr19 0 0004629 1
tr19 0 0004675 1
tr19 0 0004684 1
tr19 0 0004706 1
tr19 0 0004708 1
tr19 0 0004727 1
tr19 0 0004732 1
tr19 0 0004739 1
tr19 0 0004748 1
tr19 0 0004750 1
tr19 0 0004768 1
tr19 0 0004782 1
tr19 0 0004814 1
tr19 0 0004820 1
tr19 0 0004833 1
tr19 0 0004842 1
tr19 0 0004877 1
tr19 0 0004899 1
tr19 0 0004908 1
tr19 0 0004972 1
tr19 0 0004978 1
tr19 0 0004994 1
tr19 0 0004997 1
tr19 0 0004998 1
tr19 0 0005022 1
tr19 0 0005031 1
tr19 0 0005032 1
tr19 0 0005044 1
tr19 0 0005099 1
tr19 0 0005113 1
tr19 0 0005136 1
tr19 0 0005181 1
tr19 0 0005201 1
tr19 0 0005213 1
tr19 0 0005231 1
tr19 0 0005266 1
tr19 0 0005267 1
tr19 0 0005268 1
tr19 0 0005276 1
tr19 0 0005342 1
tr19 0 0005343 1
tr19 0 0005379 1
tr19 0 0005417 1
tr19 0 0005447 1
tr19 0 0005452 1
tr19 0 0005475 1
tr19 0 0005498 1
tr19 0 0005502 1
tr19 0 0005503 1
tr19 0 0005545 1
tr19 0 0005577 1
tr19 0 0005580 1
tr19 0 0005581 1
tr19 0 0005600 1
tr19 0 0005632 1
tr19 0 0005649 1
tr19 0 0005653 1
tr19 0 0005675 1
tr19 0 0005684 1
tr19 0 0005715 1
tr19 0 0005726 1
tr19 0 0005731 1
tr19 0 0005745 1
tr19 0 0005757 1
tr19 0 0005772 1
tr19 0 0005788 1
tr19 0 0005815 1
tr19 0 0005841 1
tr19 0 0005872 1
tr19 0 0005966 1
tr19 0 0005967 1
tr19 0 0006001 1
tr19 0 0006006 1
tr19 0 0006033 1
tr19 0 0006045 1
tr19 0 0006062 1
tr19 0 0006135 1
tr19 0 0006151 1
tr19 0 0006177 1
tr19 0 0006198 1
tr19 0 0006209 1
tr19 0 0006228 1
tr19 0 0006235 1
tr19 0 0006237 1
tr19 0 0006239 1
tr19 0 0006241 1
tr19 0 0006288 1
tr19 0 0006314 1
tr19 0 0006315 1
tr19 0 0006359 1
tr19 0 0006376 1
tr19 0 0006399 1
tr19 0 0006416 1
tr19 0 0006428 1
tr19 0 0006464 1
tr19 0 0006470 1
tr19 0 0006483 1
tr19 0 0006547 1
tr19 0 0006576 1
tr19 0 0006645 1
tr19 0 0006655 1
tr19 0 0006657 1
tr19 0 0006671 1
tr19 0 0006676 1
tr19 0 0006681 1
tr19 0 0006692 1
tr19 0 0006712 1
tr19 0 0006717 1
tr19 0 0006768 1
tr19 0 0006800 1
tr19 0 0006807 1
tr19 0 0006823 1
tr19 0 0006840 1
tr19 0 0006854 1
tr19 0 0006860 1
tr19 0 0006876 1
tr19 0 0006886 1
tr19 0 0006889 1
tr19 0 0006916 1
tr19 0 0006954 1
tr19 0 0006959 1
tr19 0 0006965 1
tr19 0 0006975 1
tr19 0 0006976 1
tr19 0 0007003 1
tr19 0 0007025 1
tr19 0 0007053 1
tr19 0 0007059 1
tr19 0 0007066 1
tr19 0 0007086 1
tr19 0 0007087 1
tr19 0 0007139 1
tr19 0 0007166 1
tr19 0 0007167 1
tr19 0 0007174 1
tr19 0 0007179 1
tr19 0 0007195 1
tr19 0 0007228 1
tr19 0 0007230 1
tr19 0 0007257 1
tr19 0 0007267 1
tr19 0 0007277 1
tr19 0 0007288 1
tr19 0 0007299 1
tr19 0 0007307 1
tr19 0 0007319 1
tr19 0 0007322 1
tr19 0 0007323 1
tr19 0 0007334 1
tr19 0 0007347 1
tr19 0 0007352 1
tr19 0 0007353 1
tr19 0 0007376 1
tr19 0 0007392 1
tr19 0 0007421 1
tr19 0 0007430 1
tr19 0 0007431 1
tr19 0 0007433 1
tr19 0 0007441 1
tr19 0 0007474 1
tr19 0 0007481 1
tr19 0 0007489 1
tr19 0 0007494 1
tr19 0 0007497 1
tr19 0 0007509 1
tr19 0 0007540 1
tr19 0 0007552 1
tr19 0 0007582 1
tr19 0 0007587 1
tr19 0 0007609 1
tr19 0 0007611 1
tr19 0 0007632 1
tr19 0 0007647 1
tr19 0 0007650 1
tr19 0 0007672 1
tr19 0 0007677 1
tr19 0 0007678 1
tr19 0 0007689 1
tr19 0 0007709 1
tr19 0 0007715 1
tr19 0 0007749 1
tr19 0 0007760 1
tr19 0 0007807 1
tr19 0 0007848 1
tr19 0 0007854 1
tr19 0 0007858 1
tr19 0 0007879 1
tr19 0 0007885 1
tr19 0 0007910 1
tr19 0 0007935 1
tr19 0 0007959 1
tr19 0 0007966 1
tr19 0 0007975 1
tr19 0 0008034 1
tr19 0 0008067 1
tr19 0 0008082 1
tr19 0 0008107 1
tr19 0 0008172 1
tr19 0 0008207 1
tr19 0 0008236 1
tr19 0 0008247 1
tr19 0 0008253 1
tr19 0 0008263 1
tr19 0 0008271 1
tr19 0 0008282 1
tr19 0 0008313 1
tr19 0 0008339 1
tr19 0 0008348 1
tr19 0 0008355 1
tr19 0 0008363 1
tr19 0 0008374 1
tr19 0 0008379 1
tr19 0 0008386 1
tr19 0 0008417 1
tr19 0 0008461 1
tr19 0 0008463 1
tr19 0 0008469 1
tr19 0 0008479 1
tr19 0 0008517 1
tr19 0 0008550 1
tr19 0 0008553 1
tr19 0 0008565 1
tr19 0 0008579 1
tr19 0 0008609 1
tr19 0 0008637 1
tr19 0 0008655 1
tr19 0 0008658 1
tr19 0 0008663 1
tr19 0 0008665 1
tr19 0 0008688 1
tr19 0 0008712 1
tr19 0 0008713 1
tr19 0 0008744 1
tr19 0 0008754 1
tr19 0 0008759 1
tr19 0 0008765 1
tr19 0 0008766 1
tr19 0 0008783 1
tr19 0 0008814 1
tr19 0 0008847 1
tr19 0 0008848 1
tr19 0 0008855 1
tr19 0 0008941 1
tr19 0 0008943 1
tr19 0 0008963 1
tr19 0 0008992 1
tr19 0 0008993 1
tr19 0 0009004 1
tr19 0 0009046 1
tr19 0 0009051 1
tr19 0 0009053 1
tr19 0 0009081 1
tr19 0 0009109 1
tr19 0 0009138 1
tr19 0 0009139 1
tr19 0 0009140 1
tr19 0 0009183 1
tr19 0 0009216 1
tr19 0 0009219 1
tr19 0 0009220 1
tr19 0 0009255 1
tr19 0 0009269 1
tr19 0 0009271 1
tr19 0 0009274 1
tr19 0 0009285 1
tr19 0 0009299 1
tr19 0 0009356 1
tr19 0 0009376 1
tr19 0 0009377 1
tr19 0 0009404 1
tr19 0 0009424 1
tr19 0 0009436 1
tr19 0 0009453 1
tr19 0 0009494 1
tr19 0 0009637 1
tr19 0 0009678 1
tr19 0 0009693 1
tr19 0 0009754 1
tr19 0 0009768 1
tr19 0 0009796 1
tr19 0 0009797 1
tr19 0 0009798 1
tr19 0 0009806 1
tr19 0 0009821 1
tr19 0 0009895 1
tr19 0 0009923 1
tr19 0 0009938 1
tr19 0 0009947 1
tr19 0 0009948 1
tr19 0 0009995 1
tr19 0 0009998 1
tr19 0 0010012 1
tr19 0 0010021 1
tr19 0 0010026 1
tr19 0 0010041 1
tr19 0 0010042 1
tr19 0 0010073 1
tr19 0 0010076 1
tr19 0 0010093 1
tr19 0 0010094 1
tr19 0 0010095 1
tr19 0 0010096 1
tr19 0 0010116 1
tr19 0 0010123 1
tr19 0 0010148 1
tr19 0 0010194 1
tr19 0 0010211 1
tr19 0 0010218 1
tr19 0 0010228 1
tr19 0 0010233 1
tr19 0 0010244 1
tr19 0 0010307 1
tr19 0 0010312 1
tr19 0 0010313 1
tr19 0 0010326 1
tr19 0 0010331 1
tr19 0 0010334 1
tr19 0 0010342 1
tr19 0 0010381 1
tr19 0 0010403 1
tr19 0 0010407 1
tr19 0 0010410 1
tr19 0 0010432 1
tr19 0 0010439 1
tr19 0 0010448 1
tr19 0 0010455 1
tr19 0 0010474 1
tr19 0 0010477 1
tr19 0 0010492 1
tr19 0 0010503 1
tr19 0 0010517 1
tr19 0 0010579 1
tr19 0 0010584 1
tr19 0 0010596 1
tr19 0 0010604 1
tr19 0 0010608 1
tr19 0 0010624 1
tr19 0 0010652 1
tr19 0 0010670 1
tr19 0 0010676 1
tr19 0 0010688 1
tr19 0 0010691 1
tr19 0 0010695 1
tr19 0 0010718 1
tr19 0 0010748 1
tr19 0 0010772 1
tr19 0 0010782 1
tr19 0 0010788 1
tr19 0 0010831 1
tr19 0 0010840 1
tr19 0 0010855 1
tr19 0 0010857 1
tr19 0 0010864 1
tr19 0 0010878 1
tr19 0 0010884 1
tr19 0 0010886 1
tr19 0 0010925 1
tr19 0 0010958 1
tr19 0 0010967 1
tr19 0 0010992 1
tr19 0 0011021 1
tr19 0 0011072 1
tr19 0 0011094 1
tr19 0 0011099 1
tr19 0 0011115 1
tr19 0 0011118 1
tr19 0 0011125 1
tr19 0 0011201 1
tr19 0 0011202 1
tr19 0 0011210 1
tr19 0 0011219 1
tr19 0 0011267 1
tr19 0 0011278 1
tr19 0 0011288 1
tr19 0 0011333 1
tr19 0 0011346 1
tr19 0 0011349 1
tr19 0 0011366 1
tr19 0 0011370 1
tr19 0 0011375 1
tr19 0 0011395 1
tr3 0 0012474 1
tr3 0 0013098 1
tr3 0 0013206 1
tr3 0 0015567 1
tr3 0 0018119 1
tr3 0 0018426 1
tr3 0 0018796 1
tr3 0 0019954 1
tr3 0 0020752 1
tr3 0 0021782 1
tr3 0 0022560 1
tr10 0 0026545 1
tr10 0 0026556 1
tr10 0 0026564 1
tr10 0 0026583 1
tr10 0 0026587 1
tr10 0 0026603 1
tr10 0 0026606 1
tr10 0 0026616 1
tr10 0 0026623 1
tr10 0 0026627 1
tr10 0 0026629 1
tr10 0 0026630 1
tr10 0 0026632 1
tr10 0 0026635 1
tr10 0 0026644 1
tr10 0 0026655 1
tr10 0 0026664 1
tr10 0 0026668 1
tr10 0 0026677 1
tr10 0 0026688 1
tr10 0 0026705 1
tr10 0 0026709 1
tr10 0 0026710 1
tr10 0 0026722 1
tr10 0 0026726 1
tr10 0 0026730 1
tr10 0 0026734 1
tr10 0 0026748 1
tr10 0 0026761 1
tr10 0 0026765 1
tr10 0 0026767 1
tr10 0 0026768 1
tr10 0 0026796 1
tr10 0 0026815 1
tr10 0 0026818 1
tr10 0 0026840 1
tr10 0 0026855 1
tr10 0 0026856 1
tr10 0 0026857 1
tr10 0 0026860 1
tr10 0 0026879 1
tr10 0 0026894 1
tr10 0 0026944 1
tr10 0 0026949 1
tr10 0 0026955 1
tr10 0 0026960 1
tr10 0 0026961 1
tr10 0 0026965 1
tr10 0 0026972 1
tr10 0 0026984 1
tr10 0 0026987 1
tr10 0 0027030 1
tr10 0 0027035 1
tr10 0 0027042 1
tr10 0 0027053 1
tr10 0 0027061 1
tr10 0 0027071 1
tr10 0 0027075 1
tr10 0 0027079 1
tr10 0 0027084 1
tr10 0 0027099 1
tr10 0 0027106 1
tr10 0 0027119 1
tr10 0 0027137 1
tr10 0 0027147 1
tr10 0 0027192 1
tr10 0 0027214 1
tr10 0 0027233 1
tr10 0 0027260 1
tr10 0 0027265 1
tr10 0 0027268 1
tr10 0 0027273 1
tr10 0 0027279 1
tr10 0 0027292 1
tr10 0 0027304 1
tr10 0 0027307 1
tr10 0 0027309 1
tr10 0 0027314 1
tr10 0 0027318 1
tr10 0 0027322 1
tr10 0 0027323 1
tr10 0 0027329 1
tr10 0 0027335 1
tr10 0 0027348 1
tr10 0 0027358 1
tr10 0 0027366 1
tr10 0 0027372 1
tr10 0 0027377 1
tr10 0 0027399 1
tr10 0 0027405 1
tr10 0 0027413 1
tr10 0 0027423 1
tr10 0 0027438 1
tr10 0 0027451 1
tr10 0 0027483 1
tr10 0 0027488 1
tr10 0 0027489 1
tr10 0 0027491 1
tr10 0 0027493 1
tr10 0 0027512 1
tr10 0 0027517 1
tr10 0 0027525 1
tr10 0 0027526 1
tr10 0 0027536 1
tr10 0 0027542 1
tr10 0 0027547 1
tr10 0 0027554 1
tr10 0 0027557 1
tr10 0 0027609 1
tr10 0 0027610 1
tr10 0 0027626 1
tr10 0 0027644 1
tr10 0 0027645 1
tr10 0 0027655 1
tr10 0 0027671 1
tr10 0 0027680 1
tr10 0 0027685 1
tr1 0 0027704 1
tr1 0 0027707 1
tr1 0 0027717 1
tr1 0 0027760 1
tr1 0 0027779 1
tr1 0 0027781 1
tr1 0 0027798 1
tr1 0 0027801 1
tr1 0 0027810 1
tr1 0 0027824 1
tr1 0 0027841 1
tr1 0 0027850 1
tr1 0 0027854 1
tr1 0 0027861 1
tr1 0 0027901 1
tr1 0 0027906 1
tr1 0 0027919 1
tr1 0 0027929 1
tr1 0 0027951 1
tr1 0 0027957 1
tr1 0 0027964 1
tr1 0 0027977 1
tr1 0 0027989 1
tr1 0 0028017 1
tr1 0 0028028 1
tr1 0 0028044 1
tr1 0 0028050 1
tr1 0 0028056 1
tr1 0 0028074 1
tr1 0 0028089 1
tr1 0 0028108 1
tr1 0 0028113 1
tr1 0 0028118 1
tr1 0 0028122 1
tr1 0 0028124 1
tr1 0 0028128 1
tr1 0 0028130 1
tr1 0 0028136 1
tr1 0 0028139 1
tr1 0 0028145 1
tr1 0 0028158 1
tr1 0 0028164 1
tr1 0 0028166 1
tr1 0 0028179 1
tr1 0 0028196 1
tr1 0 0028220 1
tr1 0 0028263 1
tr1 0 0028293 1
tr1 0 0028316 1
tr1 0 0028323 1
tr1 0 0028330 1
tr1 0 0028338 1
tr1 0 0028373 1
tr1 0 0028377 1
tr1 0 0028379 1
tr1 0 0028399 1
tr1 0 0028406 1
tr1 0 0028410 1
tr1 0 0028411 1
tr1 0 0028419 1
tr1 0 0028423 1
tr1 0 0028440 1
tr1 0 0028456 1
tr1 0 0028468 1
tr1 0 0028479 1
tr1 0 0028486 1
tr1 0 0028492 1
tr1 0 0028518 1
tr1 0 0028519 1
tr1 0 0028536 1
tr1 0 0028546 1
tr1 0 0028552 1
tr1 0 0028553 1
tr1 0 0028577 1
tr1 0 0028606 1
tr1 0 0028607 1
tr1 0 0028612 1
tr1 0 0028618 1
tr1 0 0028619 1
tr1 0 0028635 1
tr1 0 0028678 1
tr1 0 0028683 1
tr1 0 0028695 1
tr1 0 0028703 1
tr1 0 0028713 1
tr1 0 0028745 1
tr1 0 0028755 1
tr1 0 0028760 1
tr1 0 0028771 1
tr1 0 0028798 1
tr1 0 0028800 1
tr1 0 0028806 1
tr1 0 0028838 1
tr1 0 0028850 1
tr1 0 0028861 1
tr1 0 0028886 1
tr1 0 0028888 1
tr1 0 0028896 1
tr1 0 0028903 1
tr1 0 0028915 1
tr1 0 0028925 1
tr1 0 0028926 1
tr1 0 0028954 1
tr1 0 0028958 1
tr1 0 0028993 1
tr1 0 0029012 1
tr1 0 0029020 1
tr1 0 0029036 1
tr1 0 0029062 1
tr1 0 0029078 1
tr1 0 0029097 1
tr1 0 0029103 1
tr1 0 0029119 1
tr1 0 0029134 1
tr1 0 0029141 1
tr1 0 0029144 1
tr1 0 0029146 1
tr1 0 0029150 1
tr1 0 0029167 1
tr1 0 0029190 1
tr1 0 0029202 1
tr1 0 0029206 1
tr1 0 0029214 1
tr9 0 0029306 1
tr9 0 0029387 1
tr9 0 0029600 1
tr9 0 0029604 1
tr9 0 0029802 1
tr9 0 0030007 1
tr9 0 0030131 1
tr9 0 0030177 1
tr9 0 0030760 1
tr9 0 0030791 1
tr9 0 0030999 1
tr9 0 0031066 1
tr9 0 0031368 1
tr9 0 0031866 1
tr9 0 0031872 1
tr9 0 0032226 1
tr9 0 0032319 1
tr9 0 0032791 1
tr9 0 0032798 1
tr9 0 0032960 1
tr9 0 0032966 1
tr9 0 0033391 1
tr9 0 0033408 1
tr9 0 0033451 1
tr9 0 0033910 1
tr9 0 0034118 1
tr9 0 0034358 1
tr9 0 0034384 1
tr9 0 0034591 1
tr9 0 0034642 1
tr9 0 0034643 1
tr9 0 0035031 1
tr9 0 0035033 1
tr9 0 0035124 1
tr9 0 0035153 1
tr9 0 0036159 1
tr9 0 0036360 1
tr9 0 0036431 1
tr9 0 0036529 1
tr9 0 0036605 1
tr9 0 0036641 1
tr9 0 0036774 1
tr9 0 0036796 1
tr9 0 0036798 1
tr9 0 0036893 1
tr9 0 0037079 1
tr9 0 0037267 1
tr9 0 0037624 1
tr9 0 0037853 1
tr9 0 0037905 1
tr9 0 0038279 1
tr9 0 0038550 1
tr9 0 0038627 1
tr9 0 0038637 1
tr9 0 0038674 1
tr9 0 0038808 1
tr9 0 0039403 1
tr9 0 0039486 1
tr9 0 0039554 1
tr9 0 0039787 1
tr9 0 0040467 1
tr9 0 0040555 1
tr9 0 0040870 1
tr9 0 0041052 1
tr9 0 0041321 1
tr9 0 0041632 1
tr9 0 0041850 1
tr9 0 0042056 1
tr9 0 0042249 1
tr9 0 0042356 1
tr9 0 0042734 1
tr9 0 0042743 1
tr9 0 0042918 1
tr9 0 0042945 1
tr9 0 0043191 1
tr9 0 0043261 1
tr9 0 0043419 1
tr9 0 0043635 1
tr17 0 0053237 1
tr17 0 0056120 1
tr15 0 0056862 1
tr15 0 0056869 1
tr15 0 0056889 1
tr15 0 0056894 1
tr15 0 0056896 1
tr15 0 0056924 1
tr15 0 0056942 1
tr15 0 0056943 1
tr15 0 0056954 1
tr15 0 0056969 1
tr15 0 0056976 1
tr15 0 0056978 1
tr15 0 0056979 1
tr15 0 0056985 1
tr15 0 0056990 1
tr15 0 0057000 1
tr15 0 0057004 1
tr15 0 0057009 1
tr15 0 0057011 1
tr15 0 0057021 1
tr15 0 0057025 1
tr15 0 0057031 1
tr15 0 0057058 1
tr15 0 0057067 1
tr15 0 0057069 1
tr15 0 0057075 1
tr15 0 0057091 1
tr15 0 0057102 1
tr15 0 0057119 1
tr15 0 0057128 1
tr15 0 0057129 1
tr15 0 0057138 1
tr15 0 0057140 1
tr15 0 0057152 1
tr15 0 0057165 1
tr15 0 0057187 1
tr15 0 0057197 1
tr15 0 0057198 1
tr15 0 0057219 1
tr15 0 0057222 1
tr15 0 0057223 1
tr15 0 0057233 1
tr15 0 0057236 1
tr15 0 0057238 1
tr15 0 0057279 1
tr15 0 0057282 1
tr15 0 0057284 1
tr15 0 0057295 1
tr15 0 0057318 1
tr15 0 0057328 1
tr15 0 0057345 1
tr15 0 0057352 1
tr15 0 0057374 1
tr15 0 0057375 1
tr15 0 0057385 1
tr15 0 0057393 1
tr15 0 0057395 1
tr15 0 0057409 1
tr15 0 0057410 1
tr15 0 0057420 1
tr15 0 0057450 1
tr15 0 0057474 1
tr15 0 0057476 1
tr15 0 0057481 1
tr15 0 0057483 1
tr15 0 0057494 1
tr15 0 0057504 1
tr15 0 0057527 1
tr15 0 0057533 1
tr15 0 0057534 1
tr15 0 0057537 1
tr15 0 0057543 1
tr15 0 0057555 1
tr15 0 0057561 1
tr15 0 0057571 1
tr15 0 0057577 1
tr15 0 0057591 1
tr15 0 0057603 1
tr15 0 0057625 1
tr15 0 0057630 1
tr15 0 0057647 1
tr15 0 0057677 1
tr15 0 0057681 1
tr15 0 0057688 1
tr15 0 0057698 1
tr15 0 0057705 1
tr15 0 0057719 1
tr15 0 0057724 1
tr15 0 0057730 1
tr15 0 0057739 1
tr15 0 0057751 1
tr15 0 0057755 1
tr15 0 0057762 1
tr15 0 0057767 1
tr15 0 0057769 1
tr15 0 0057780 1
tr15 0 0057788 1
tr15 0 0057793 1
tr15 0 0057807 1
tr15 0 0057819 1
tr15 0 0057823 1
tr15 0 0057827 1
tr15 0 0057879 1
tr15 0 0057883 1
tr15 0 0057892 1
tr15 0 0057902 1
tr15 0 0057906 1
tr15 0 0057922 1
tr15 0 0057925 1
tr15 0 0057928 1
tr15 0 0057929 1
tr15 0 0057945 1
tr15 0 0057953 1
tr15 0 0057955 1
tr15 0 0057957 1
tr15 0 0057958 1
tr15 0 0057959 1
tr15 0 0057978 1
tr15 0 0057979 1
tr15 0 0057992 1
tr15 0 0058009 1
tr15 0 0058010 1
tr15 0 0058014 1
tr15 0 0058025 1
tr15 0 0058064 1
tr15 0 0058069 1
tr15 0 0058082 1
tr15 0 0058085 1
tr15 0 0058093 1
tr15 0 0058094 1
tr15 0 0058113 1
tr15 0 0058120 1
tr15 0 0058131 1
tr15 0 0058135 1
tr15 0 0058136 1
tr15 0 0058137 1
tr15 0 0058139 1
tr15 0 0058150 1
tr15 0 0058164 1
tr15 0 0058173 1
tr15 0 0058174 1
tr15 0 0058182 1
tr15 0 0058198 1
tr15 0 0058202 1
tr15 0 0058204 1
tr15 0 0058208 1
tr15 0 0058232 1
tr15 0 0058235 1
tr15 0 0058249 1
tr15 0 0058260 1
tr15 0 0058266 1
tr15 0 0058275 1
tr15 0 0058288 1
tr15 0 0058299 1
tr15 0 0058300 1
tr15 0 0058301 1
tr15 0 0058302 1
tr15 0 0058305 1
tr15 0 0058319 1
tr15 0 0058329 1
tr15 0 0058335 1
tr15 0 0058338 1
tr15 0 0058342 1
tr15 0 0058348 1
tr15 0 0058352 1
tr15 0 0058363 1
tr15 0 0058371 1
tr15 0 0058385 1
tr15 0 0058393 1
tr15 0 0058414 1
tr15 0 0058416 1
tr15 0 0058422 1
tr15 0 0058429 1
tr15 0 0058434 1
tr15 0 0058436 1
tr15 0 0058445 1
tr15 0 0058457 1
tr15 0 0058471 1
tr15 0 0058475 1
tr15 0 0058486 1
tr15 0 0058500 1
tr15 0 0058502 1
tr15 0 0058510 1
tr15 0 0058518 1
tr15 0 0058524 1
tr15 0 0058559 1
tr15 0 0058601 1
tr15 0 0058604 1
tr15 0 0058610 1
tr15 0 0058613 1
tr15 0 0058615 1
tr15 0 0058627 1
tr15 0 0058628 1
tr15 0 0058635 1
tr15 0 0058642 1
tr15 0 0058647 1
tr15 0 0058653 1
tr15 0 0058655 1
tr15 0 0058662 1
tr15 0 0058666 1
tr15 0 0058671 1
tr15 0 0058676 1
tr15 0 0058686 1
tr15 0 0058689 1
tr15 0 0058692 1
tr15 0 0058701 1
tr15 0 0058703 1
tr15 0 0058704 1
tr15 0 0058712 1
tr15 0 0058723 1
tr15 0 0058735 1
tr15 0 0058740 1
tr15 0 0058744 1
tr15 0 0058750 1
tr15 0 0058767 1
tr4 0 0019844 1
tr4 0 0024291 1
tr4 0 0060019 1
tr4 0 0018709 1
tr4 0 0020049 1
tr4 0 0014208 1
tr4 0 0060497 1
tr18 0 0003257 1
tr18 0 0003259 1
tr18 0 0003269 1
tr18 0 0003283 1
tr18 0 0003285 1
tr18 0 0003296 1
tr18 0 0003298 1
tr18 0 0003317 1
tr18 0 0003350 1
tr18 0 0003370 1
tr18 0 0003377 1
tr18 0 0003390 1
tr18 0 0003405 1
tr18 0 0003428 1
tr18 0 0003438 1
tr18 0 0003442 1
tr18 0 0003453 1
tr18 0 0003481 1
tr18 0 0003490 1
tr18 0 0003513 1
tr18 0 0003516 1
tr18 0 0003520 1
tr18 0 0003554 1
tr18 0 0003566 1
tr18 0 0003591 1
tr18 0 0003609 1
tr18 0 0003626 1
tr18 0 0003738 1
tr18 0 0003746 1
tr18 0 0003750 1
tr18 0 0003763 1
tr18 0 0003770 1
tr18 0 0003803 1
tr18 0 0003807 1
tr18 0 0003808 1
tr18 0 0003812 1
tr18 0 0003850 1
tr18 0 0003855 1
tr18 0 0003887 1
tr18 0 0003893 1
tr18 0 0003897 1
tr18 0 0003913 1
tr18 0 0003948 1
tr18 0 0003961 1
tr18 0 0003976 1
tr18 0 0003994 1
tr18 0 0003996 1
tr18 0 0004043 1
tr18 0 0004044 1
tr18 0 0004046 1
tr18 0 0004052 1
tr18 0 0004058 1
tr18 0 0004110 1
tr18 0 0004124 1
tr18 0 0004142 1
tr18 0 0004166 1
tr18 0 0004169 1
tr18 0 0004170 1
tr18 0 0004181 1
tr18 0 0004190 1
tr18 0 0004191 1
tr18 0 0004193 1
tr18 0 0004197 1
tr18 0 0004220 1
tr18 0 0004225 1
tr18 0 0004231 1
tr18 0 0004233 1
tr18 0 0004255 1
tr18 0 0004258 1
tr18 0 0004260 1
tr18 0 0004269 1
tr18 0 0004285 1
tr18 0 0004287 1
tr18 0 0004289 1
tr18 0 0004295 1
tr18 0 0004299 1
tr18 0 0004312 1
tr18 0 0004315 1
tr18 0 0004383 1
tr18 0 0004386 1
tr18 0 0004390 1
tr18 0 0004394 1
tr18 0 0004409 1
tr18 0 0004426 1
tr18 0 0004465 1
tr18 0 0004466 1
tr18 0 0004470 1
tr18 0 0004474 1
tr18 0 0004478 1
tr18 0 0004481 1
tr18 0 0004487 1
tr18 0 0004500 1
tr18 0 0004528 1
tr18 0 0004532 1
tr18 0 0004547 1
tr18 0 0004550 1
tr18 0 0004552 1
tr18 0 0004559 1
tr18 0 0004582 1
tr18 0 0004590 1
tr18 0 0004594 1
tr18 0 0004605 1
tr18 0 0004609 1
tr18 0 0004623 1
tr18 0 0004627 1
tr18 0 0004629 1
tr18 0 0004675 1
tr18 0 0004684 1
tr18 0 0004706 1
tr18 0 0004708 1
tr18 0 0004727 1
tr18 0 0004732 1
tr18 0 0004739 1
tr18 0 0004748 1
tr18 0 0004750 1
tr18 0 0004764 1
tr18 0 0004768 1
tr18 0 0004782 1
tr18 0 0004814 1
tr18 0 0004820 1
tr18 0 0004832 1
tr18 0 0004833 1
tr18 0 0004837 1
tr18 0 0004842 1
tr18 0 0004877 1
tr18 0 0004879 1
tr18 0 0004899 1
tr18 0 0004908 1
tr18 0 0004972 1
tr18 0 0004978 1
tr18 0 0004994 1
tr18 0 0004997 1
tr18 0 0004998 1
tr18 0 0005021 1
tr18 0 0005022 1
tr18 0 0005031 1
tr18 0 0005036 1
tr18 0 0005044 1
tr18 0 0005046 1
tr18 0 0005099 1
tr18 0 0005113 1
tr18 0 0005136 1
tr18 0 0005181 1
tr18 0 0005201 1
tr18 0 0005213 1
tr18 0 0005231 1
tr18 0 0005268 1
tr18 0 0005276 1
tr18 0 0005277 1
tr18 0 0005313 1
tr18 0 0005342 1
tr18 0 0005343 1
tr18 0 0005379 1
tr18 0 0005382 1
tr18 0 0005383 1
tr18 0 0005387 1
tr18 0 0005414 1
tr18 0 0005417 1
tr18 0 0005423 1
tr18 0 0005427 1
tr18 0 0005436 1
tr18 0 0005447 1
tr18 0 0005475 1
tr18 0 0005498 1
tr18 0 0005502 1
tr18 0 0005503 1
tr18 0 0005534 1
tr18 0 0005545 1
tr18 0 0005577 1
tr18 0 0005580 1
tr18 0 0005581 1
tr18 0 0005600 1
tr18 0 0005610 1
tr18 0 0005632 1
tr18 0 0005649 1
tr18 0 0005653 1
tr18 0 0005668 1
tr18 0 0005675 1
tr18 0 0005684 1
tr18 0 0005715 1
tr18 0 0005720 1
tr18 0 0005726 1
tr18 0 0005731 1
tr18 0 0005741 1
tr18 0 0005745 1
tr18 0 0005772 1
tr18 0 0005788 1
tr18 0 0005809 1
tr18 0 0005815 1
tr18 0 0005841 1
tr18 0 0005894 1
tr18 0 0005941 1
tr18 0 0005969 1
tr18 0 0006001 1
tr18 0 0006006 1
tr18 0 0006016 1
tr18 0 0006033 1
tr18 0 0006045 1
tr18 0 0006062 1
tr18 0 0006135 1
tr18 0 0006141 1
tr18 0 0006151 1
tr18 0 0006177 1
tr18 0 0006198 1
tr18 0 0006209 1
tr18 0 0006221 1
tr18 0 0006228 1
tr18 0 0006235 1
tr18 0 0006237 1
tr18 0 0006239 1
tr18 0 0006241 1
tr18 0 0006271 1
tr18 0 0006285 1
tr18 0 0006288 1
tr18 0 0006314 1
tr18 0 0006315 1
tr18 0 0006333 1
tr18 0 0006359 1
tr18 0 0006376 1
tr18 0 0006380 1
tr18 0 0006399 1
tr18 0 0006413 1
tr18 0 0006416 1
tr18 0 0006464 1
tr18 0 0006470 1
tr18 0 0006483 1
tr18 0 0006492 1
tr18 0 0006547 1
tr18 0 0006550 1
tr18 0 0006576 1
tr18 0 0006588 1
tr18 0 0006606 1
tr18 0 0006617 1
tr18 0 0006619 1
tr18 0 0006623 1
tr18 0 0006645 1
tr18 0 0006655 1
tr18 0 0006657 1
tr18 0 0006663 1
tr18 0 0006671 1
tr18 0 0006676 1
tr18 0 0006681 1
tr18 0 0006692 1
tr18 0 0006700 1
tr18 0 0006712 1
tr18 0 0006717 1
tr18 0 0006747 1
tr18 0 0006768 1
tr18 0 0006800 1
tr18 0 0006807 1
tr18 0 0006823 1
tr18 0 0006833 1
tr18 0 0006840 1
tr18 0 0006854 1
tr18 0 0006860 1
tr18 0 0006876 1
tr18 0 0006886 1
tr18 0 0006916 1
tr18 0 0006931 1
tr18 0 0006951 1
tr18 0 0006954 1
tr18 0 0006959 1
tr18 0 0006965 1
tr18 0 0006975 1
tr18 0 0006976 1
tr18 0 0007014 1
tr18 0 0007025 1
tr18 0 0007030 1
tr18 0 0007046 1
tr18 0 0007053 1
tr18 0 0007057 1
tr18 0 0007059 1
tr18 0 0007066 1
tr18 0 0007086 1
tr18 0 0007087 1
tr18 0 0007096 1
tr18 0 0007139 1
tr18 0 0007148 1
tr18 0 0007166 1
tr18 0 0007167 1
tr18 0 0007174 1
tr18 0 0007179 1
tr18 0 0007195 1
tr18 0 0007228 1
tr18 0 0007230 1
tr18 0 0007236 1
tr18 0 0007257 1
tr18 0 0007267 1
tr18 0 0007277 1
tr18 0 0007288 1
tr18 0 0007292 1
tr18 0 0007299 1
tr18 0 0007307 1
tr18 0 0007319 1
tr18 0 0007320 1
tr18 0 0007322 1
tr18 0 0007323 1
tr18 0 0007334 1
tr18 0 0007347 1
tr18 0 0007352 1
tr18 0 0007353 1
tr18 0 0007376 1
tr18 0 0007392 1
tr18 0 0007411 1
tr18 0 0007413 1
tr18 0 0007421 1
tr18 0 0007430 1
tr18 0 0007431 1
tr18 0 0007433 1
tr18 0 0007441 1
tr18 0 0007474 1
tr18 0 0007481 1
tr18 0 0007489 1
tr18 0 0007494 1
tr18 0 0007497 1
tr18 0 0007500 1
tr18 0 0007509 1
tr18 0 0007540 1
tr18 0 0007552 1
tr18 0 0007582 1
tr18 0 0007583 1
tr18 0 0007587 1
tr18 0 0007600 1
tr18 0 0007609 1
tr18 0 0007611 1
tr18 0 0007632 1
tr18 0 0007636 1
tr18 0 0007647 1
tr18 0 0007650 1
tr18 0 0007672 1
tr18 0 0007677 1
tr18 0 0007678 1
tr18 0 0007689 1
tr18 0 0007709 1
tr18 0 0007715 1
tr18 0 0007729 1
tr18 0 0061089 1
tr18 0 0007749 1
tr18 0 0007760 1
tr18 0 0007807 1
tr18 0 0007848 1
tr18 0 0007854 1
tr18 0 0007858 1
tr18 0 0007879 1
tr18 0 0007885 1
tr18 0 0007910 1
tr18 0 0007935 1
tr18 0 0007949 1
tr18 0 0007959 1
tr18 0 0007966 1
tr18 0 0007975 1
tr18 0 0007984 1
tr18 0 0007994 1
tr18 0 0008001 1
tr18 0 0008034 1
tr18 0 0008053 1
tr18 0 0008067 1
tr18 0 0008082 1
tr18 0 0008107 1
tr18 0 0008134 1
tr18 0 0008146 1
tr18 0 0008172 1
tr18 0 0008207 1
tr18 0 0008236 1
tr18 0 0008263 1
tr18 0 0008271 1
tr18 0 0008282 1
tr18 0 0008313 1
tr18 0 0008315 1
tr18 0 0008323 1
tr18 0 0008339 1
tr18 0 0008345 1
tr18 0 0008348 1
tr18 0 0008355 1
tr18 0 0008363 1
tr18 0 0008365 1
tr18 0 0008374 1
tr18 0 0008379 1
tr18 0 0008386 1
tr18 0 0008417 1
tr18 0 0008461 1
tr18 0 0008463 1
tr18 0 0008469 1
tr18 0 0008517 1
tr18 0 0008527 1
tr18 0 0008546 1
tr18 0 0008550 1
tr18 0 0008553 1
tr18 0 0008565 1
tr18 0 0008579 1
tr18 0 0008587 1
tr18 0 0008588 1
tr18 0 0008590 1
tr18 0 0008609 1
tr18 0 0008637 1
tr18 0 0008655 1
tr18 0 0008658 1
tr18 0 0008663 1
tr18 0 0008665 1
tr18 0 0008673 1
tr18 0 0008688 1
tr18 0 0008712 1
tr18 0 0008713 1
tr18 0 0008744 1
tr18 0 0008754 1
tr18 0 0008759 1
tr18 0 0008765 1
tr18 0 0008766 1
tr18 0 0008771 1
tr18 0 0008783 1
tr18 0 0008814 1
tr18 0 0008847 1
tr18 0 0008848 1
tr18 0 0008855 1
tr18 0 0008941 1
tr18 0 0008943 1
tr18 0 0008963 1
tr18 0 0008983 1
tr18 0 0008992 1
tr18 0 0008993 1
tr18 0 0009004 1
tr18 0 0009032 1
tr18 0 0009046 1
tr18 0 0009051 1
tr18 0 0009053 1
tr18 0 0009065 1
tr18 0 0009081 1
tr18 0 0009138 1
tr18 0 0009139 1
tr18 0 0009140 1
tr18 0 0009171 1
tr18 0 0009183 1
tr18 0 0009203 1
tr18 0 0009216 1
tr18 0 0009219 1
tr18 0 0009220 1
tr18 0 0009224 1
tr18 0 0009225 1
tr18 0 0009255 1
tr18 0 0009269 1
tr18 0 0009271 1
tr18 0 0009274 1
tr18 0 0009285 1
tr18 0 0009293 1
tr18 0 0009299 1
tr18 0 0009356 1
tr18 0 0009361 1
tr18 0 0009376 1
tr18 0 0009377 1
tr18 0 0009382 1
tr18 0 0009404 1
tr18 0 0009424 1
tr18 0 0009436 1
tr18 0 0009446 1
tr18 0 0009452 1
tr18 0 0009453 1
tr18 0 0009494 1
tr18 0 0009637 1
tr18 0 0009642 1
tr18 0 0009669 1
tr18 0 0009678 1
tr18 0 0009693 1
tr18 0 0009701 1
tr18 0 0009704 1
tr18 0 0009768 1
tr18 0 0009791 1
tr18 0 0009796 1
tr18 0 0009797 1
tr18 0 0009798 1
tr18 0 0009806 1
tr18 0 0009812 1
tr18 0 0009821 1
tr18 0 0009841 1
tr18 0 0009845 1
tr18 0 0009847 1
tr18 0 0009885 1
tr18 0 0009895 1
tr18 0 0009897 1
tr18 0 0009923 1
tr18 0 0009928 1
tr18 0 0009935 1
tr18 0 0009938 1
tr18 0 0009947 1
tr18 0 0009948 1
tr18 0 0009950 1
tr18 0 0009951 1
tr18 0 0009995 1
tr18 0 0009996 1
tr18 0 0009997 1
tr18 0 0010012 1
tr18 0 0010021 1
tr18 0 0010026 1
tr18 0 0010041 1
tr18 0 0010042 1
tr18 0 0010046 1
tr18 0 0010055 1
tr18 0 0010066 1
tr18 0 0010070 1
tr18 0 0010073 1
tr18 0 0010076 1
tr18 0 0010093 1
tr18 0 0010094 1
tr18 0 0010095 1
tr18 0 0010096 1
tr18 0 0010113 1
tr18 0 0010123 1
tr18 0 0010133 1
tr18 0 0061091 1
tr18 0 0010143 1
tr18 0 0010148 1
tr18 0 0010179 1
tr18 0 0010189 1
tr18 0 0010195 1
tr18 0 0010211 1
tr18 0 0010218 1
tr18 0 0010221 1
tr18 0 0010228 1
tr18 0 0010233 1
tr18 0 0010244 1
tr18 0 0010251 1
tr18 0 0010255 1
tr18 0 0010307 1
tr18 0 0010312 1
tr18 0 0010313 1
tr18 0 0010326 1
tr18 0 0010331 1
tr18 0 0010334 1
tr18 0 0010339 1
tr18 0 0010342 1
tr18 0 0010381 1
tr18 0 0010402 1
tr18 0 0010403 1
tr18 0 0010407 1
tr18 0 0010410 1
tr18 0 0010432 1
tr18 0 0010439 1
tr18 0 0010448 1
tr18 0 0010455 1
tr18 0 0010474 1
tr18 0 0010477 1
tr18 0 0010492 1
tr18 0 0010503 1
tr18 0 0010511 1
tr18 0 0010538 1
tr18 0 0010552 1
tr18 0 0010579 1
tr18 0 0010584 1
tr18 0 0010592 1
tr18 0 0010596 1
tr18 0 0010598 1
tr18 0 0010604 1
tr18 0 0010608 1
tr18 0 0010624 1
tr18 0 0010639 1
tr18 0 0010646 1
tr18 0 0010652 1
tr18 0 0010668 1
tr18 0 0010676 1
tr18 0 0010680 1
tr18 0 0010688 1
tr18 0 0010689 1
tr18 0 0010691 1
tr18 0 0010695 1
tr18 0 0010718 1
tr18 0 0010727 1
tr18 0 0010730 1
tr18 0 0010748 1
tr18 0 0010772 1
tr18 0 0010782 1
tr18 0 0010788 1
tr18 0 0010829 1
tr18 0 0010831 1
tr18 0 0010840 1
tr18 0 0010855 1
tr18 0 0010857 1
tr18 0 0010864 1
tr18 0 0010878 1
tr18 0 0010884 1
tr18 0 0010886 1
tr18 0 0061093 1
tr18 0 0010925 1
tr18 0 0010958 1
tr18 0 0010965 1
tr18 0 0010967 1
tr18 0 0010968 1
tr18 0 0010992 1
tr18 0 0011014 1
tr18 0 0011021 1
tr18 0 0011022 1
tr18 0 0011052 1
tr18 0 0011072 1
tr18 0 0011078 1
tr18 0 0011094 1
tr18 0 0011099 1
tr18 0 0011115 1
tr18 0 0011118 1
tr18 0 0011125 1
tr18 0 0011147 1
tr18 0 0011198 1
tr18 0 0011201 1
tr18 0 0011202 1
tr18 0 0011210 1
tr18 0 0011219 1
tr18 0 0011225 1
tr18 0 0011260 1
tr18 0 0011267 1
tr18 0 0011278 1
tr18 0 0011279 1
tr18 0 0011281 1
tr18 0 0011288 1
tr18 0 0011302 1
tr18 0 0011333 1
tr18 0 0011346 1
tr18 0 0011349 1
tr18 0 0011366 1
tr18 0 0011370 1
tr18 0 0011375 1
tr18 0 0011395 1
tr18 0 0011436 1
tr7 0 0061099 1
tr7 0 0061116 1
tr7 0 0061150 1
tr7 0 0061189 1
tr7 0 0061238 1
tr7 0 0061244 1
tr7 0 0061250 1
tr7 0 0061259 1
tr7 0 0061262 1
tr7 0 0061289 1
tr7 0 0061293 1
tr7 0 0061309 1
tr7 0 0061335 1
tr7 0 0061403 1
tr7 0 0061442 1
tr7 0 0061460 1
tr7 0 0027591 1
tr7 0 0061491 1
tr7 0 0061514 1
tr7 0 0061538 1
tr7 0 0061582 1
tr7 0 0061590 1
tr7 0 0061601 1
tr7 0 0061617 1
tr7 0 0061656 1
tr7 0 0061663 1
tr7 0 0061670 1
tr7 0 0061731 1
tr7 0 0061737 1
tr7 0 0061794 1
tr7 0 0061799 1
tr7 0 0061814 1
tr7 0 0061822 1
tr7 0 0061833 1
tr7 0 0061850 1
tr7 0 0061856 1
tr7 0 0061878 1
tr7 0 0061886 1
tr7 0 0061899 1
tr7 0 0061966 1
tr7 0 0061977 1
tr7 0 0061988 1
tr7 0 0062014 1
tr7 0 0062026 1
tr7 0 0062042 1
tr7 0 0062075 1
tr7 0 0062130 1
tr7 0 0062154 1
tr7 0 0062175 1
tr7 0 0062212 1
tr7 0 0062224 1
tr7 0 0062232 1
tr7 0 0062233 1
tr7 0 0062273 1
tr7 0 0062358 1
tr7 0 0062396 1
tr7 0 0062399 1
tr7 0 0062407 1
tr7 0 0062408 1
tr7 0 0062420 1
tr7 0 0062431 1
tr7 0 0062449 1
tr7 0 0062535 1
tr7 0 0062552 1
tr7 0 0062560 1
tr7 0 0062610 1
tr7 0 0062711 1
tr7 0 0062727 1
tr7 0 0062799 1
tr7 0 0062825 1
tr7 0 0062842 1
tr7 0 0062888 1
tr7 0 0062921 1
tr7 0 0062928 1
tr7 0 0062984 1
tr7 0 0063051 1
tr7 0 0063097 1
tr7 0 0063116 1
tr7 0 0063123 1
tr7 0 0063149 1
tr7 0 0063192 1
tr7 0 0063284 1
tr7 0 0063307 1
tr7 0 0063324 1
tr7 0 0063397 1
tr7 0 0063401 1
tr7 0 0063441 1
tr7 0 0063464 1
tr7 0 0063499 1
tr7 0 0063508 1
tr7 0 0063524 1
tr7 0 0063529 1
tr7 0 0063543 1
tr7 0 0063585 1
tr7 0 0063674 1
tr7 0 0063758 1
tr7 0 0026902 1
tr7 0 0063834 1
tr7 0 0026958 1
tr7 0 0063837 1
tr7 0 0063843 1
tr7 0 0063850 1
tr7 0 0063904 1
tr7 0 0063915 1
tr7 0 0063921 1
tr7 0 0063968 1
tr7 0 0063976 1
tr7 0 0063989 1
tr7 0 0064008 1
tr7 0 0064021 1
tr7 0 0064048 1
tr7 0 0064082 1
tr7 0 0064083 1
tr7 0 0064119 1
tr7 0 0064136 1
tr7 0 0064137 1
tr7 0 0064188 1
tr7 0 0064210 1
tr7 0 0064246 1
tr7 0 0064290 1
tr7 0 0064316 1
tr7 0 0064319 1
tr6 0 0064355 1
tr6 0 0064369 1
tr6 0 0064370 1
tr6 0 0064378 1
tr6 0 0064379 1
tr6 0 0064382 1
tr6 0 0064404 1
tr6 0 0064414 1
tr6 0 0064415 1
tr6 0 0064434 1
tr6 0 0064442 1
tr6 0 0064455 1
tr6 0 0064456 1
tr6 0 0064460 1
tr6 0 0027832 1
tr6 0 0064468 1
tr6 0 0064469 1
tr6 0 0064486 1
tr6 0 0064495 1
tr6 0 0064496 1
tr6 0 0064503 1
tr6 0 0028786 1
tr6 0 0064515 1
tr6 0 0064522 1
tr6 0 0064523 1
tr6 0 0028496 1
tr6 0 0064530 1
tr6 0 0064547 1
tr6 0 0064555 1
tr6 0 0064556 1
tr6 0 0064560 1
tr6 0 0027764 1
tr6 0 0064576 1
tr6 0 0064579 1
tr6 0 0064580 1
tr6 0 0064583 1
tr6 0 0064584 1
tr6 0 0064591 1
tr6 0 0064599 1
tr6 0 0064614 1
tr6 0 0064615 1
tr6 0 0064620 1
tr6 0 0064633 1
tr6 0 0064647 1
tr6 0 0064657 1
tr6 0 0064658 1
tr6 0 0064669 1
tr6 0 0028086 1
tr6 0 0028093 1
tr6 0 0064689 1
tr6 0 0064691 1
tr6 0 0064692 1
tr6 0 0064695 1
tr6 0 0064698 1
tr6 0 0064704 1
tr6 0 0064705 1
tr6 0 0064706 1
tr6 0 0064707 1
tr6 0 0064708 1
tr6 0 0064728 1
tr6 0 0028136 1
tr6 0 0064736 1
tr6 0 0064737 1
tr6 0 0064744 1
tr6 0 0064745 1
tr6 0 0028162 1
tr6 0 0064757 1
tr6 0 0029141 1
tr6 0 0064815 1
tr6 0 0064817 1
tr6 0 0064834 1
tr6 0 0064835 1
tr6 0 0064838 1
tr6 0 0064853 1
tr6 0 0064870 1
tr6 0 0064887 1
tr6 0 0064890 1
tr6 0 0064891 1
tr6 0 0064900 1
tr6 0 0064908 1
tr6 0 0064912 1
tr6 0 0064916 1
tr6 0 0064940 1
tr6 0 0064966 1
tr6 0 0064974 1
tr6 0 0064975 1
tr6 0 0064979 1
tr6 0 0064993 1
tr6 0 0065003 1
tr6 0 0065034 1
tr6 0 0028513 1
tr6 0 0065046 1
tr6 0 0065050 1
tr6 0 0028071 1
tr6 0 0065064 1
tr6 0 0065073 1
tr6 0 0065091 1
tr6 0 0065099 1
tr6 0 0065116 1
tr6 0 0028606 1
tr6 0 0065120 1
tr6 0 0065122 1
tr6 0 0065135 1
tr6 0 0065151 1
tr6 0 0065158 1
tr6 0 0028687 1
tr6 0 0065190 1
tr6 0 0065216 1
tr6 0 0065225 1
tr6 0 0065237 1
tr6 0 0065254 1
tr6 0 0065262 1
tr6 0 0065263 1
tr6 0 0028771 1
tr6 0 0065269 1
tr6 0 0065281 1
tr6 0 0065285 1
tr6 0 0065297 1
tr6 0 0065298 1
tr6 0 0028872 1
tr6 0 0065354 1
tr6 0 0065368 1
tr6 0 0065389 1
tr6 0 0028638 1
tr6 0 0065395 1
tr6 0 0065401 1
tr6 0 0028958 1
tr6 0 0065409 1
tr6 0 0028969 1
tr6 0 0065423 1
tr6 0 0065432 1
tr6 0 0028998 1
tr6 0 0065437 1
tr6 0 0065445 1
tr6 0 0065448 1
tr6 0 0065459 1
tr6 0 0065461 1
tr6 0 0065465 1
tr6 0 0065472 1
tr6 0 0065476 1
tr6 0 0029050 1
tr6 0 0065489 1
tr6 0 0065490 1
tr6 0 0065491 1
tr6 0 0029077 1
tr6 0 0065505 1
tr6 0 0065508 1
tr6 0 0065510 1
tr6 0 0065516 1
tr6 0 0065529 1
tr6 0 0065539 1
tr6 0 0065546 1
tr6 0 0029131 1
tr6 0 0065556 1
tr6 0 0065576 1
tr6 0 0065583 1
tr6 0 0065600 1
tr6 0 0065605 1
tr6 0 0065608 1
tr6 0 0029206 1
tr6 0 0065609 1
tr6 0 0065610 1
tr16 0 0044168 1
tr16 0 0044175 1
tr16 0 0044290 1
tr16 0 0044429 1
tr16 0 0044465 1
tr16 0 0044503 1
tr16 0 0044668 1
tr16 0 0044760 1
tr16 0 0045143 1
tr16 0 0045167 1
tr16 0 0045233 1
tr16 0 0045542 1
tr16 0 0065614 1
tr16 0 0046129 1
tr16 0 0046352 1
tr16 0 0046393 1
tr16 0 0046540 1
tr16 0 0046611 1
tr16 0 0046820 1
tr16 0 0046866 1
tr16 0 0046885 1
tr16 0 0046940 1
tr16 0 0047019 1
tr16 0 0047032 1
tr16 0 0047443 1
tr16 0 0047510 1
tr16 0 0047601 1
tr16 0 0047823 1
tr16 0 0047885 1
tr16 0 0047960 1
tr16 0 0048006 1
tr16 0 0048011 1
tr16 0 0048068 1
tr16 0 0048131 1
tr16 0 0065615 1
tr16 0 0048422 1
tr16 0 0048793 1
tr16 0 0048898 1
tr16 0 0048962 1
tr16 0 0049047 1
tr16 0 0049048 1
tr16 0 0049173 1
tr16 0 0049190 1
tr16 0 0049244 1
tr16 0 0049327 1
tr16 0 0049576 1
tr16 0 0049742 1
tr16 0 0049928 1
tr16 0 0050150 1
tr16 0 0050215 1
tr16 0 0050518 1
tr16 0 0050546 1
tr16 0 0050695 1
tr16 0 0050820 1
tr16 0 0050913 1
tr16 0 0051024 1
tr16 0 0051055 1
tr16 0 0051590 1
tr16 0 0051719 1
tr16 0 0051801 1
tr16 0 0065616 1
tr16 0 0051841 1
tr16 0 0052107 1
tr16 0 0052117 1
tr16 0 0052304 1
tr16 0 0052354 1
tr16 0 0052421 1
tr16 0 0052453 1
tr16 0 0052471 1
tr16 0 0052531 1
tr16 0 0052603 1
tr16 0 0052895 1
tr16 0 0052905 1
tr16 0 0052995 1
tr16 0 0053024 1
tr16 0 0053065 1
tr16 0 0053092 1
tr16 0 0053122 1
tr16 0 0053196 1
tr16 0 0053302 1
tr16 0 0053388 1
tr16 0 0053507 1
tr16 0 0053576 1
tr16 0 0053585 1
tr16 0 0053607 1
tr16 0 0053764 1
tr16 0 0053977 1
tr16 0 0054177 1
tr16 0 0054257 1
tr16 0 0054318 1
tr16 0 0054458 1
tr16 0 0054525 1
tr16 0 0054585 1
tr16 0 0054677 1
tr16 0 0054711 1
tr16 0 0065617 1
tr16 0 0054965 1
tr16 0 0055367 1
tr16 0 0055387 1
tr16 0 0055423 1
tr16 0 0055509 1
tr16 0 0055525 1
tr16 0 0055577 1
tr16 0 0055581 1
tr16 0 0055586 1
tr16 0 0055822 1
tr16 0 0056184 1
tr16 0 0056202 1
tr16 0 0056281 1
tr16 0 0056453 1
tr16 0 0056495 1
tr16 0 0056645 1
tr16 0 0056755 1
tr11 0 0066113 1
tr11 0 0067136 1
tr11 0 0067227 1
tr11 0 0067646 1
tr11 0 0067754 1
tr11 0 0068643 1
tr11 0 0068848 1
tr11 0 0068850 1
tr11 0 0069336 1
tr11 0 0069543 1
tr11 0 0069642 1
tr11 0 0069931 1
tr11 0 0071080 1
tr11 0 0071863 1
tr11 0 0071990 1
tr11 0 0072207 1
tr11 0 0072512 1
tr11 0 0074151 1
tr11 0 0075260 1
tr11 0 0075470 1
tr11 0 0075864 1
tr11 0 0075903 1
tr11 0 0076408 1
tr11 0 0077312 1
tr11 0 0078061 1
tr11 0 0079244 1
tr11 0 0079550 1
tr11 0 0080373 1
tr11 0 0081283 1
tr11 0 0082371 1
tr11 0 0083639 1
tr11 0 0084803 1
tr11 0 0086348 1
tr11 0 0086624 1
tr11 0 0086827 1
tr11 0 0086892 1
tr11 0 0087136 1
tr11 0 0088466 1
tr11 0 0089541 1
tr11 0 0089825 1
tr11 0 0091712 1
tr11 0 0091715 1
tr11 0 0092013 1
tr11 0 0092225 1
tr11 0 0092486 1
tr11 0 0092517 1
tr11 0 0093670 1
tr11 0 0094248 1
tr11 0 0094495 1
tr11 0 0094883 1
tr11 0 0095415 1
tr11 0 0095994 1
tr11 0 0096156 1
tr11 0 0096185 1
tr11 0 0096330 1
tr11 0 0096394 1
tr11 0 0096594 1
tr11 0 0097408 1
tr11 0 0098174 1
tr11 0 0098198 1
tr11 0 0098408 1
tr11 0 0098420 1
tr11 0 0099345 1
tr11 0 0099589 1
tr11 0 0099611 1
tr11 0 0100782 1
tr11 0 0101393 1
tr11 0 0102668 1
tr11 0 0103893 1
tr11 0 0104157 1
tr11 0 0104957 1
tr11 0 0105224 1
tr11 0 0105633 1
tr11 0 0106848 1
tr11 0 0107102 1
tr11 0 0108281 1
tr2 0 0108724 1
tr2 0 0108728 1
tr2 0 0108730 1
tr2 0 0108736 1
tr2 0 0108741 1
tr2 0 0108744 1
tr2 0 0108745 1
tr2 0 0108748 1
tr2 0 0108762 1
tr2 0 0108773 1
tr2 0 0108777 1
tr2 0 0108784 1
tr2 0 0108792 1
tr2 0 0108796 1
tr2 0 0108815 1
tr2 0 0108816 1
tr2 0 0108818 1
tr2 0 0108845 1
tr2 0 0108874 1
tr2 0 0108894 1
tr2 0 0108899 1
tr2 0 0108905 1
tr2 0 0108945 1
tr2 0 0108954 1
tr2 0 0108957 1
tr2 0 0108973 1
tr2 0 0108988 1
tr2 0 0109000 1
tr2 0 0109025 1
tr2 0 0109026 1
tr2 0 0109054 1
tr2 0 0109059 1
tr2 0 0109060 1
tr2 0 0109061 1
tr2 0 0109063 1
tr2 0 0109072 1
tr2 0 0109075 1
tr2 0 0109098 1
tr2 0 0109100 1
tr2 0 0109101 1
tr2 0 0109102 1
tr2 0 0109104 1
tr2 0 0109115 1
tr2 0 0109120 1
tr2 0 0109134 1
tr2 0 0109169 1
tr2 0 0109171 1
tr2 0 0109184 1
tr2 0 0109197 1
tr2 0 0109203 1
tr2 0 0109211 1
tr2 0 0109220 1
tr2 0 0109222 1
tr2 0 0109232 1
tr2 0 0109253 1
tr2 0 0109270 1
tr2 0 0109277 1
tr2 0 0109291 1
tr2 0 0109316 1
tr2 0 0109320 1
tr2 0 0109326 1
tr2 0 0109329 1
tr2 0 0109335 1
tr2 0 0109349 1
tr2 0 0109352 1
tr2 0 0109355 1
tr2 0 0109369 1
tr2 0 0109382 1
tr2 0 0109398 1
tr2 0 0109415 1
tr2 0 0109451 1
tr2 0 0109469 1
tr2 0 0109476 1
tr2 0 0109477 1
tr2 0 0109479 1
tr2 0 0109480 1
tr2 0 0109509 1
tr2 0 0109544 1
tr2 0 0109551 1
tr2 0 0109566 1
tr2 0 0109568 1
tr2 0 0109576 1
tr2 0 0109581 1
tr2 0 0109583 1
tr2 0 0109585 1
tr2 0 0109606 1
tr2 0 0109609 1
tr2 0 0109636 1
tr2 0 0109639 1
tr2 0 0109649 1
tr2 0 0109650 1
tr2 0 0109653 1
tr2 0 0109654 1
tr2 0 0109661 1
tr2 0 0109664 1
tr2 0 0109665 1
tr2 0 0109678 1
tr2 0 0109683 1
tr2 0 0109688 1
tr2 0 0109732 1
tr2 0 0109747 1
tr2 0 0109754 1
tr2 0 0109758 1
tr2 0 0109759 1
tr2 0 0109781 1
tr2 0 0109787 1
tr2 0 0109808 1
tr2 0 0109811 1
tr2 0 0109828 1
tr2 0 0109860 1
tr2 0 0109869 1
tr2 0 0109906 1
tr2 0 0109927 1
tr2 0 0109950 1
tr2 0 0109960 1
tr2 0 0109965 1
tr2 0 0109970 1
tr2 0 0109986 1
tr2 0 0110009 1
tr2 0 0110012 1
tr2 0 0110032 1
tr2 0 0110042 1
tr2 0 0110054 1
tr2 0 0110078 1
tr2 0 0110079 1
tr2 0 0110084 1
tr2 0 0110086 1
tr2 0 0110088 1
tr2 0 0110110 1
tr2 0 0110125 1
tr2 0 0110128 1
tr2 0 0110147 1
tr2 0 0110152 1
tr2 0 0110182 1
tr2 0 0110191 1
tr2 0 0110196 1
tr2 0 0110201 1
tr2 0 0110233 1
tr2 0 0110238 1
tr2 0 0110245 1
tr2 0 0110259 1
tr2 0 0110263 1
tr2 0 0110265 1
tr2 0 0110273 1
tr2 0 0110279 1
tr2 0 0110322 1
tr2 0 0110337 1
tr2 0 0110340 1
tr2 0 0110343 1
tr2 0 0110356 1
tr2 0 0110385 1
tr2 0 0110434 1
tr2 0 0110439 1
tr2 0 0110445 1
tr2 0 0110450 1
tr2 0 0110454 1
tr2 0 0110457 1
tr2 0 0110458 1
tr2 0 0110461 1
tr2 0 0110471 1
tr2 0 0110474 1
tr2 0 0110520 1
tr2 0 0110541 1
tr2 0 0110560 1
tr2 0 0110579 1
tr2 0 0110592 1
tr2 0 0110595 1
tr2 0 0110600 1
tr2 0 0110605 1
tr2 0 0110607 1
tr2 0 0110614 1
tr2 0 0110615 1
tr2 0 0110616 1
tr2 0 0110626 1
tr2 0 0110659 1
tr2 0 0110668 1
tr2 0 0110713 1
tr2 0 0110718 1
tr2 0 0110722 1
tr2 0 0110726 1
tr2 0 0110735 1
tr2 0 0110760 1
tr2 0 0110771 1
tr2 0 0110793 1
tr2 0 0110796 1
tr2 0 0110798 1
tr2 0 0110806 1
tr2 0 0110807 1
tr2 0 0110813 1
tr2 0 0110827 1
tr2 0 0110831 1
tr2 0 0110840 1
tr2 0 0110849 1
tr2 0 0110851 1
tr2 0 0110876 1
tr2 0 0110913 1
tr2 0 0110938 1
tr2 0 0110939 1
tr2 0 0110943 1
tr2 0 0110951 1
tr2 0 0110956 1
tr2 0 0110982 1
tr2 0 0110983 1
tr2 0 0110987 1
tr2 0 0110990 1
tr2 0 0110991 1
tr2 0 0111000 1
tr2 0 0111032 1
tr2 0 0111037 1
tr2 0 0111052 1
tr2 0 0111061 1
tr2 0 0111071 1
tr2 0 0111129 1
tr2 0 0111135 1
tr2 0 0111137 1
tr2 0 0111141 1
tr2 0 0111162 1
tr2 0 0111178 1
tr2 0 0111184 1
tr2 0 0111190 1
tr2 0 0111213 1
tr2 0 0111233 1
tr2 0 0111234 1
tr2 0 0111269 1
tr2 0 0111313 1
tr2 0 0111336 1
tr2 0 0111373 1
tr2 0 0111380 1
tr2 0 0111385 1
tr2 0 0111396 1
tr2 0 0111398 1
tr2 0 0111426 1
tr2 0 0111431 1
tr2 0 0111442 1
tr2 0 0111460 1
tr2 0 0111466 1
tr2 0 0111468 1
tr2 0 0111491 1
tr2 0 0111518 1
tr2 0 0111537 1
tr2 0 0111538 1
tr2 0 0111542 1
tr2 0 0111547 1
tr2 0 0111557 1
tr2 0 0111561 1
tr2 0 0111564 1
tr2 0 0111570 1
tr2 0 0111573 1
tr2 0 0111575 1
tr2 0 0111581 1
tr2 0 0111582 1
tr2 0 0111593 1
tr2 0 0111599 1
tr2 0 0111601 1
tr2 0 0111608 1
tr2 0 0111615 1
tr2 0 0111635 1
tr2 0 0111647 1
tr2 0 0111683 1
tr2 0 0111708 1
tr2 0 0111710 1
tr2 0 0111717 1
tr2 0 0111734 1
tr2 0 0111738 1
tr2 0 0111770 1
tr2 0 0111771 1
tr2 0 0111772 1
tr2 0 0111779 1
tr2 0 0111781 1
tr2 0 0111790 1
tr2 0 0111823 1
tr2 0 0111831 1
tr2 0 0111836 1
tr2 0 0111857 1
tr14 0 0111897 1
tr14 0 0111899 1
tr14 0 0111901 1
tr14 0 0111910 1
tr14 0 0111913 1
tr14 0 0111925 1
tr14 0 0111930 1
tr14 0 0111940 1
tr14 0 0111943 1
tr14 0 0111945 1
tr14 0 0111965 1
tr14 0 0111967 1
tr14 0 0111969 1
tr14 0 0111970 1
tr14 0 0111991 1
tr14 0 0111997 1
tr14 0 0112006 1
tr14 0 0112018 1
tr14 0 0112019 1
tr14 0 0112029 1
tr14 0 0112051 1
tr14 0 0112060 1
tr14 0 0112073 1
tr14 0 0112079 1
tr14 0 0112086 1
tr14 0 0112099 1
tr14 0 0112103 1
tr14 0 0112104 1
tr14 0 0112108 1
tr14 0 0112112 1
tr14 0 0112115 1
tr14 0 0112117 1
tr14 0 0112120 1
tr14 0 0112122 1
tr14 0 0112127 1
tr14 0 0112141 1
tr14 0 0112151 1
tr14 0 0112159 1
tr14 0 0112164 1
tr14 0 0112173 1
tr14 0 0112175 1
tr14 0 0112176 1
tr14 0 0112190 1
tr14 0 0112191 1
tr14 0 0112204 1
tr14 0 0112206 1
tr14 0 0112212 1
tr14 0 0112213 1
tr8 0 0112287 1
tr8 0 0112296 1
tr8 0 0112315 1
tr8 0 0112443 1
tr8 0 0112461 1
tr8 0 0112462 1
tr8 0 0112472 1
tr8 0 0112577 1
tr8 0 0112631 1
tr8 0 0112648 1
tr8 0 0112660 1
tr8 0 0112697 1
tr8 0 0112749 1
tr8 0 0112877 1
tr8 0 0112887 1
tr8 0 0112908 1
tr8 0 0112909 1
tr8 0 0112992 1
tr8 0 0113077 1
tr8 0 0113129 1
tr8 0 0113216 1
tr8 0 0113314 1
tr8 0 0113338 1
tr8 0 0113365 1
tr8 0 0113397 1
tr8 0 0113411 1
tr8 0 0113415 1
tr8 0 0113429 1
tr8 0 0113452 1
tr8 0 0113496 1
tr8 0 0113522 1
tr8 0 0113623 1
tr8 0 0113631 1
tr8 0 0113666 1
tr8 0 0113670 1
tr8 0 0113725 1
tr8 0 0113731 1
tr8 0 0113792 1
tr8 0 0113820 1
tr8 0 0113952 1
tr8 0 0113983 1
tr8 0 0114037 1
tr8 0 0114088 1
tr8 0 0114180 1
tr8 0 0114196 1
tr8 0 0114210 1
tr8 0 0114214 1
tr8 0 0114265 1
tr8 0 0114274 1
tr8 0 0114289 1
tr8 0 0114432 1
tr8 0 0114441 1
tr8 0 0114510 1
tr8 0 0114597 1
tr8 0 0114602 1
tr8 0 0114744 1
tr8 0 0114771 1
tr8 0 0114776 1
tr8 0 0114816 1
tr8 0 0114851 1
tr8 0 0114946 1
tr8 0 0115023 1
tr8 0 0115057 1
tr8 0 0115186 1
tr8 0 0115240 1
tr8 0 0115281 1
tr8 0 0115368 1
tr8 0 0115436 1
tr8 0 0115447 1
tr8 0 0115497 1
tr8 0 0115585 1
tr8 0 0115595 1
tr8 0 0115788 1
tr8 0 0115814 1
tr8 0 0115924 1
tr8 0 0115937 1
tr8 0 0116050 1
tr8 0 0116052 1
tr8 0 0116129 1
tr8 0 0116130 1
tr8 0 0116142 1
tr8 0 0116209 1
tr8 0 0116257 1
tr8 0 0116339 1
tr8 0 0116368 1
tr8 0 0116535 1
tr8 0 0116865 1
tr8 0 0116896 1
tr8 0 0116950 1
tr8 0 0117009 1
tr8 0 0117099 1
tr8 0 0117144 1
tr8 0 0117223 1
tr8 0 0117335 1
tr8 0 0117349 1
tr8 0 0117385 1
tr8 0 0117419 1
tr8 0 0117467 1
tr8 0 0117480 1
tr8 0 0117502 1
tr8 0 0117641 1
tr8 0 0117672 1
tr8 0 0117680 1
tr8 0 0117701 1
tr8 0 0117753 1
tr8 0 0117772 1
tr8 0 0117786 1
tr8 0 0117799 1
tr8 0 0117900 1
tr8 0 0117907 1
tr8 0 0117922 1
tr8 0 0117965 1
tr8 0 0118071 1
tr8 0 0118089 1
tr8 0 0118302 1
tr8 0 0118404 1
tr8 0 0118457 1
tr8 0 0118498 1
tr8 0 0118515 1
tr8 0 0118548 1
tr8 0 0118606 1
tr8 0 0118673 1
tr8 0 0118702 1
tr8 0 0118800 1
tr8 0 0118832 1
tr8 0 0118839 1
tr8 0 0118887 1
tr8 0 0118924 1
tr8 0 0118929 1
tr8 0 0118957 1
tr8 0 0119089 1
tr8 0 0119256 1
tr8 0 0119340 1
tr8 0 0119392 1
tr8 0 0119479 1
tr8 0 0119508 1
tr8 0 0119546 1
tr8 0 0119562 1
tr8 0 0119720 1
tr8 0 0119739 1
tr8 0 0119766 1
tr8 0 0120015 1
tr8 0 0120045 1
tr8 0 0120087 1
tr5 0 0120122 1
tr5 0 0120136 1
tr5 0 0120159 1
tr5 0 0120162 1
tr5 0 0120185 1
tr5 0 0120190 1
tr5 0 0120201 1
tr5 0 0120229 1
tr5 0 0120230 1
tr5 0 0120234 1
tr5 0 0120258 1
tr5 0 0120268 1
tr5 0 0120300 1
tr5 0 0120312 1
tr5 0 0120359 1
tr5 0 0120372 1
tr5 0 0120374 1
tr5 0 0120452 1
tr5 0 0120463 1
tr5 0 0120494 1
tr5 0 0120507 1
tr5 0 0120515 1
tr5 0 0120521 1
tr5 0 0120531 1
tr5 0 0120533 1
tr5 0 0120538 1
tr5 0 0120563 1
tr5 0 0120572 1
tr5 0 0120636 1
tr5 0 0120670 1
tr5 0 0120682 1
tr5 0 0120700 1
tr5 0 0120708 1
tr5 0 0120716 1
tr5 0 0120730 1
tr5 0 0120762 1
tr5 0 0120779 1
tr5 0 0120832 1
tr5 0 0120857 1
tr5 0 0120858 1
tr5 0 0120920 1
tr5 0 0120948 1
tr5 0 0120951 1
tr5 0 0120958 1
tr5 0 0120971 1
tr5 0 0120982 1
tr5 0 0120983 1
tr5 0 0121032 1
tr5 0 0121046 1
tr5 0 0121068 1
tr5 0 0121082 1
tr5 0 0121094 1
tr5 0 0121097 1
tr5 0 0121102 1
tr5 0 0121117 1
tr5 0 0121128 1
tr5 0 0121143 1
tr5 0 0121152 1
tr5 0 0121154 1
tr5 0 0121183 1
tr5 0 0121189 1
tr5 0 0121204 1
tr5 0 0121211 1
tr5 0 0121216 1
tr5 0 0121218 1
tr5 0 0121252 1
tr5 0 0121299 1
tr5 0 0121330 1
tr5 0 0121333 1
tr5 0 0121347 1
tr5 0 0121356 1
tr5 0 0121395 1
tr5 0 0121418 1
tr13 0 0121459 1
tr13 0 0121546 1
tr13 0 0121589 1
tr13 0 0121619 1
tr13 0 0121671 1
tr13 0 0121735 1
tr13 0 0121742 1
tr13 0 0121766 1
tr13 0 0121788 1
tr13 0 0121799 1
tr13 0 0121821 1
tr13 0 0121850 1
tr13 0 0121901 1
tr13 0 0121939 1
tr13 0 0121968 1
tr13 0 0122007 1
tr13 0 0122168 1
tr13 0 0122189 1
tr13 0 0122305 1
tr13 0 0122311 1
tr13 0 0122548 1
tr13 0 0122586 1
tr13 0 0122611 1
tr13 0 0122623 1
tr13 0 0122660 1
tr13 0 0122688 1
tr13 0 0122746 1
tr13 0 0122837 1
tr13 0 0122875 1
tr13 0 0122890 1
tr13 0 0122900 1
tr13 0 0122901 1
tr0 0 0122962 1
tr0 0 0122990 1
tr0 0 0123072 1
tr0 0 0123090 1
tr0 0 0123094 1
tr0 0 0123113 1
tr0 0 0123114 1
tr0 0 0123166 1
tr0 0 0123195 1
tr0 0 0123208 1
tr0 0 0123209 1
tr0 0 0123213 1
tr0 0 0123227 1
tr0 0 0123255 1
tr0 0 0123308 1
tr0 0 0123329 1
tr0 0 0123348 1
tr0 0 0123355 1
tr0 0 0123357 1
tr0 0 0123424 1
tr0 0 0123514 1
tr0 0 0123551 1
tr0 0 0123555 1
tr0 0 0123579 1
tr0 0 0123586 1
tr0 0 0123595 1
tr0 0 0123597 1
tr0 0 0123666 1
tr0 0 0123674 1
tr0 0 0123729 1
tr0 0 0123750 1
tr0 0 0123769 1
tr0 0 0123817 1
tr0 0 0123826 1
tr0 0 0123902 1
tr0 0 0123916 1
tr0 0 0123930 1
tr0 0 0123942 1
tr0 0 0124035 1
tr0 0 0124096 1
tr0 0 0124241 1
tr0 0 0124264 1
tr0 0 0124272 1
tr0 0 0124275 1
tr0 0 0124320 1
tr0 0 0124351 1
tr0 0 0124381 1
tr0 0 0124390 1
tr0 0 0124409 1
tr0 0 0124480 1
tr0 0 0124487 1
tr0 0 0124491 1
tr0 0 0124566 1
tr0 0 0124622 1
tr0 0 0124639 1
tr0 0 0124642 1
tr0 0 0124649 1
tr0 0 0124654 1
tr0 0 0124670 1
tr0 0 0124672 1
tr0 0 0124697 1
tr0 0 0124699 1
tr0 0 0124721 1
tr0 0 0124772 1
tr0 0 0124815 1
tr0 0 0124822 1
tr0 0 0124839 1
tr0 0 0124843 1
tr0 0 0124869 1
tr0 0 0124890 1
tr0 0 0124918 1
tr0 0 0124927 1
tr0 0 0124984 1
tr0 0 0125038 1
tr0 0 0125114 1
tr0 0 0125136 1
tr0 0 0125137 1
tr0 0 0125172 1
tr0 0 0125199 1
tr0 0 0125211 1
tr0 0 0125234 1
tr0 0 0125240 1
tr0 0 0125251 1
tr0 0 0125259 1
tr0 0 0125264 1
tr0 0 0125309 1
tr0 0 0125311 1
tr0 0 0125314 1
tr0 0 0125335 1
tr0 0 0125341 1
tr0 0 0125380 1
tr0 0 0125400 1
tr0 0 0125436 1
tr0 0 0125446 1
tr0 0 0125453 1
