tr1 0.5 0000031 1
tr1 0.5 0000470 1
tr1 1 0000922 1
tr1 1 0001303 1
tr1 0.5 0001459 1
tr1 0.5 0002269 1
tr1 1 0002429 1
tr1 1 0002515 1
tr1 0.5 0003411 1
tr1 1 0003520 1
tr1 1 0005997 1
tr1 0.5 0007028 1
tr1 1 0007161 1
tr1 0.5 0007701 1
tr1 1 0008741 1
tr1 1 0009075 1
tr1 1 0011229 1
tr1 1 0011781 1
tr1 1 0011884 1
tr1 1 0013240 1
tr1 0.5 0013646 1
tr1 1 0013980 1
tr1 1 0014903 1
tr1 1 0015284 1
tr1 1 0015335 1
tr1 1 0015633 1
tr1 1 0016009 1
tr1 1 0017999 1
tr1 1 0019504 1
tr1 1 0022665 1
tr1 1 0024598 1
tr1 1 0025682 1
tr1 1 0027275 1
tr1 0.5 0028361 1
tr1 1 0028682 1
tr1 1 0028957 1
tr1 1 0030370 1
tr1 0.5 0030551 1
tr1 1 0030815 1
tr1 1 0031553 1
tr1 1 0032311 1
tr1 1 0032579 1
tr1 0.5 0033074 1
tr1 1 0037284 1
tr1 1 0037513 1
tr1 1 0037941 1
tr1 0.5 0037962 1
tr1 1 0041131 1
tr1 0.5 0041140 1
tr1 0.5 0041461 1
tr1 1 0043380 1
tr1 1 0044797 1
tr1 1 0048713 1
tr1 1 0049120 1
tr1 0.5 0049575 1
tr1 1 0050456 1
tr2 1 0000967 1
tr2 0.5 0005345 1
tr2 1 0008526 1
tr2 1 0008975 1
tr2 1 0009641 1
tr2 1 0015721 1
tr2 1 0021626 1
tr2 1 0021909 1
tr2 1 0022903 1
tr2 1 0027892 1
tr2 1 0031876 1
tr2 1 0033414 1
tr2 1 0033852 1
tr2 1 0034765 1
tr2 1 0036410 1
tr2 1 0036940 1
tr2 1 0038071 1
tr2 0.5 0038386 1
tr2 1 0038982 1
tr2 1 0042614 1
tr2 1 0044432 1
tr2 1 0046959 1
tr2 1 0047297 1
tr2 1 0048707 1
tr2 0.5 0050897 1
tr2 1 0050997 1
tr3 1 0002585 1
tr3 0.5 0003549 1
tr3 1 0003950 1
tr3 0.5 0006177 1
tr3 1 0008731 1
tr3 0.5 0014878 1
tr3 1 0018343 1
tr3 1 0019572 1
tr3 0.5 0019698 1
tr3 1 0021606 1
tr3 1 0021789 1
tr3 0.5 0022158 1
tr3 0.5 0024348 1
tr3 1 0026873 1
tr3 0.5 0027048 1
tr3 0.5 0031163 1
tr3 0.5 0031732 1
tr3 1 0032536 1
tr3 0.5 0032806 1
tr3 1 0043337 1
tr3 0.5 0045784 1
tr3 1 0048643 1
tr3 1 0050374 1
tr3 1 0050408 1
tr4 1 0000813 1
tr4 0.5 0003524 1
tr4 1 0007820 1
tr4 0.5 0011105 1
tr4 1 0011126 1
tr4 0.5 0012276 1
tr4 1 0012486 1
tr4 0.5 0013587 1
tr4 0.5 0014231 1
tr4 1 0015028 1
tr4 0.5 0015653 1
tr4 0.5 0015922 1
tr4 0.5 0016935 1
tr4 0.5 0021927 1
tr4 1 0028698 1
tr4 0.5 0029839 1
tr4 1 0030241 1
tr4 0.5 0032191 1
tr4 0.5 0033835 1
tr4 0.5 0037578 1
tr4 1 0038163 1
tr4 1 0039314 1
tr4 0.5 0044595 1
tr4 1 0044865 1
tr4 0.5 0046687 1
tr4 1 0046960 1
tr4 1 0048182 1
tr5 0.5 0000629 1
tr5 0.5 0000841 1
tr5 0.5 0001541 1
tr5 0.5 0001863 1
tr5 0.5 0002149 1
tr5 0.5 0002177 1
tr5 1 0002272 1
tr5 0.5 0002672 1
tr5 0.5 0003093 1
tr5 1 0003304 1
tr5 0.5 0003854 1
tr5 0.5 0004033 1
tr5 0.5 0004040 1
tr5 0.5 0004281 1
tr5 0.5 0004517 1
tr5 0.5 0005213 1
tr5 0.5 0005230 1
tr5 1 0006379 1
tr5 0.5 0006757 1
tr5 0.5 0007203 1
tr5 0.5 0007686 1
tr5 1 0007789 1
tr5 0.5 0008236 1
tr5 1 0008779 1
tr5 0.5 0008906 1
tr5 1 0009962 1
tr5 1 0010566 1
tr5 0.5 0010907 1
tr5 1 0011710 1
tr5 0.5 0012257 1
tr5 0.5 0012475 1
tr5 0.5 0012872 1
tr5 1 0013617 1
tr5 0.5 0014085 1
tr5 1 0015253 1
tr5 1 0015620 1
tr5 1 0015664 1
tr5 0.5 0015691 1
tr5 1 0015709 1
tr5 0.5 0015867 1
tr5 1 0015962 1
tr5 1 0016240 1
tr5 1 0017278 1
tr5 1 0018226 1
tr5 0.5 0018740 1
tr5 1 0018881 1
tr5 0.5 0018978 1
tr5 0.5 0019544 1
tr5 0.5 0019598 1
tr5 0.5 0019605 1
tr5 0.5 0021390 1
tr5 0.5 0022472 1
tr5 1 0022750 1
tr5 1 0023820 1
tr5 1 0024256 1
tr5 0.5 0025263 1
tr5 0.5 0025299 1
tr5 1 0027104 1
tr5 0.5 0027233 1
tr5 1 0027329 1
tr5 1 0027456 1
tr5 0.5 0027562 1
tr5 0.5 0028693 1
tr5 1 0028742 1
tr5 1 0029066 1
tr5 0.5 0031342 1
tr5 1 0032075 1
tr5 0.5 0032129 1
tr5 0.5 0032228 1
tr5 1 0032601 1
tr5 0.5 0032871 1
tr5 0.5 0035723 1
tr5 1 0036840 1
tr5 0.5 0037331 1
tr5 0.5 0037488 1
tr5 0.5 0037509 1
tr5 1 0038429 1
tr5 1 0038859 1
tr5 1 0040234 1
tr5 0.5 0040295 1
tr5 0.5 0040487 1
tr5 1 0041342 1
tr5 0.5 0041953 1
tr5 1 0042129 1
tr5 0.5 0042462 1
tr5 1 0043104 1
tr5 1 0044187 1
tr5 0.5 0045650 1
tr5 0.5 0045720 1
tr5 0.5 0048356 1
tr5 0.5 0048399 1
tr5 1 0048809 1
tr5 0.5 0049854 1
tr5 0.5 0049944 1
tr5 0.5 0050098 1
tr5 1 0050728 1
tr6 1 0000292 1
tr6 0.5 0001783 1
tr6 1 0001955 1
tr6 1 0002311 1
tr6 1 0002314 1
tr6 1 0002504 1
tr6 1 0003837 1
tr6 1 0003978 1
tr6 1 0006539 1
tr6 1 0006789 1
tr6 0.5 0008419 1
tr6 1 0008498 1
tr6 1 0008587 1
tr6 1 0008761 1
tr6 1 0008767 1
tr6 1 0009249 1
tr6 0.5 0009379 1
tr6 1 0011161 1
tr6 1 0011220 1
tr6 0.5 0011993 1
tr6 1 0012093 1
tr6 1 0013104 1
tr6 0.5 0013154 1
tr6 0.5 0013473 1
tr6 0.5 0014688 1
tr6 0.5 0015721 1
tr6 1 0015773 1
tr6 1 0016460 1
tr6 1 0018394 1
tr6 1 0020278 1
tr6 1 0020485 1
tr6 1 0020957 1
tr6 0.5 0022419 1
tr6 0.5 0023066 1
tr6 0.5 0023963 1
tr6 1 0024153 1
tr6 1 0024874 1
tr6 0.5 0025193 1
tr6 1 0025254 1
tr6 1 0025434 1
tr6 1 0025656 1
tr6 1 0025997 1
tr6 1 0026556 1
tr6 0.5 0028253 1
tr6 1 0029314 1
tr6 0.5 0029602 1
tr6 1 0029821 1
tr6 1 0030724 1
tr6 1 0030787 1
tr6 1 0030854 1
tr6 1 0030966 1
tr6 1 0031468 1
tr6 1 0031618 1
tr6 1 0032097 1
tr6 1 0033107 1
tr6 1 0033154 1
tr6 1 0033804 1
tr6 1 0033912 1
tr6 1 0034001 1
tr6 1 0035000 1
tr6 1 0036158 1
tr6 0.5 0036255 1
tr6 1 0036873 1
tr6 1 0038441 1
tr6 1 0038471 1
tr6 1 0040059 1
tr6 1 0040468 1
tr6 0.5 0040879 1
tr6 1 0040921 1
tr6 1 0041332 1
tr6 1 0042426 1
tr6 1 0042688 1
tr6 1 0042878 1
tr6 1 0043274 1
tr6 0.5 0043951 1
tr6 1 0044361 1
tr6 1 0044798 1
tr6 1 0044865 1
tr6 1 0044922 1
tr6 1 0046428 1
tr6 1 0049084 1
tr6 0.5 0049193 1
tr6 1 0050712 1
tr7 0.5 0000315 1
tr7 0.5 0003253 1
tr7 0.5 0004847 1
tr7 1 0005184 1
tr7 0.5 0006274 1
tr7 0.5 0007100 1
tr7 1 0009249 1
tr7 0.5 0010431 1
tr7 0.5 0012093 1
tr7 1 0012353 1
tr7 0.5 0013104 1
tr7 1 0014270 1
tr7 1 0015042 1
tr7 0.5 0016942 1
tr7 1 0019572 1
tr7 1 0020747 1
tr7 1 0022383 1
tr7 0.5 0023268 1
tr7 1 0023926 1
tr7 1 0026556 1
tr7 0.5 0027430 1
tr7 0.5 0027745 1
tr7 0.5 0027813 1
tr7 0.5 0028343 1
tr7 0.5 0028842 1
tr7 1 0029602 1
tr7 0.5 0030810 1
tr7 1 0030835 1
tr7 1 0031131 1
tr7 0.5 0031163 1
tr7 0.5 0032247 1
tr7 0.5 0033671 1
tr7 0.5 0033941 1
tr7 1 0034419 1
tr7 1 0035481 1
tr7 0.5 0036493 1
tr7 0.5 0036689 1
tr7 0.5 0037613 1
tr7 1 0038807 1
tr7 1 0041578 1
tr7 0.5 0043902 1
tr7 0.5 0045583 1
tr7 1 0046048 1
tr7 1 0047713 1
tr7 0.5 0047740 1
tr7 0.5 0050598 1
tr7 1 0051056 1
tr8 0.5 0000543 1
tr8 1 0001699 1
tr8 0.5 0003207 1
tr8 1 0003837 1
tr8 1 0005914 1
tr8 0.5 0009148 1
tr8 0.5 0009828 1
tr8 0.5 0010678 1
tr8 1 0012899 1
tr8 1 0014265 1
tr8 1 0016169 1
tr8 1 0016460 1
tr8 1 0019651 1
tr8 0.5 0021866 1
tr8 1 0022026 1
tr8 0.5 0022317 1
tr8 0.5 0024007 1
tr8 0.5 0025398 1
tr8 0.5 0027323 1
tr8 0.5 0029970 1
tr8 0.5 0031055 1
tr8 1 0031070 1
tr8 1 0032419 1
tr8 1 0032806 1
tr8 0.5 0040377 1
tr8 1 0041875 1
tr8 1 0043088 1
tr8 0.5 0043746 1
tr8 1 0044954 1
tr8 1 0045966 1
tr9 1 0000686 1
tr9 1 0001195 1
tr9 1 0003928 1
tr9 1 0012294 1
tr9 1 0014852 1
tr9 1 0017477 1
tr9 0.5 0017544 1
tr9 1 0017575 1
tr9 0.5 0019319 1
tr9 0.5 0020168 1
tr9 0.5 0025180 1
tr9 0.5 0026261 1
tr9 1 0029562 1
tr9 1 0036317 1
tr9 0.5 0045281 1
tr9 0.5 0045288 1
tr10 1 0000050 1
tr10 0.5 0000421 1
tr10 0.5 0004131 1
tr10 0.5 0004276 1
tr10 1 0004897 1
tr10 1 0005451 1
tr10 0.5 0005989 1
tr10 1 0007106 1
tr10 0.5 0009390 1
tr10 1 0010038 1
tr10 1 0010585 1
tr10 0.5 0011133 1
tr10 0.5 0011437 1
tr10 1 0011969 1
tr10 1 0013380 1
tr10 0.5 0014898 1
tr10 1 0017644 1
tr10 0.5 0018050 1
tr10 0.5 0018756 1
tr10 1 0019644 1
tr10 0.5 0020086 1
tr10 0.5 0020168 1
tr10 1 0022324 1
tr10 1 0022846 1
tr10 0.5 0023147 1
tr10 0.5 0023991 1
tr10 1 0028037 1
tr10 0.5 0028324 1
tr10 1 0028750 1
tr10 1 0030861 1
tr10 1 0031032 1
tr10 0.5 0033434 1
tr10 0.5 0034153 1
tr10 0.5 0034793 1
tr10 0.5 0038015 1
tr10 1 0039589 1
tr10 1 0041000 1
tr10 0.5 0041379 1
tr10 0.5 0043049 1
tr10 0.5 0043534 1
tr10 0.5 0043683 1
tr10 1 0045241 1
tr10 1 0045377 1
tr10 0.5 0047425 1
tr10 1 0048322 1
tr10 0.5 0048541 1
tr10 0.5 0049375 1
tr10 0.5 0049818 1
tr10 1 0049956 1
tr10 0.5 0050358 1
tr11 1 0006484 1
tr11 1 0007108 1
tr11 1 0014525 1
tr11 1 0021210 1
tr11 0.5 0026637 1
tr12 1 0000312 1
tr12 0.5 0000470 1
tr12 1 0000665 1
tr12 0.5 0002512 1
tr12 0.5 0003215 1
tr12 0.5 0003274 1
tr12 1 0003423 1
tr12 1 0003427 1
tr12 1 0005873 1
tr12 1 0006034 1
tr12 1 0006859 1
tr12 0.5 0007549 1
tr12 0.5 0008016 1
tr12 1 0008395 1
tr12 1 0008590 1
tr12 1 0009143 1
tr12 0.5 0009326 1
tr12 0.5 0009366 1
tr12 0.5 0009632 1
tr12 1 0010271 1
tr12 1 0010775 1
tr12 1 0011380 1
tr12 1 0011597 1
tr12 1 0011683 1
tr12 1 0012134 1
tr12 1 0012391 1
tr12 1 0012566 1
tr12 0.5 0012858 1
tr12 1 0013307 1
tr12 0.5 0013606 1
tr12 0.5 0013950 1
tr12 1 0013981 1
tr12 1 0015500 1
tr12 1 0015716 1
tr12 0.5 0016224 1
tr12 1 0016320 1
tr12 0.5 0016814 1
tr12 0.5 0016984 1
tr12 0.5 0017120 1
tr12 1 0017733 1
tr12 1 0017983 1
tr12 1 0018105 1
tr12 1 0018110 1
tr12 1 0018139 1
tr12 0.5 0018481 1
tr12 1 0018814 1
tr12 1 0019033 1
tr12 1 0019358 1
tr12 1 0019775 1
tr12 1 0020086 1
tr12 1 0020103 1
tr12 1 0020168 1
tr12 0.5 0020695 1
tr12 1 0020774 1
tr12 0.5 0021074 1
tr12 1 0021347 1
tr12 0.5 0021423 1
tr12 1 0022398 1
tr12 1 0022756 1
tr12 1 0022846 1
tr12 1 0023042 1
tr12 1 0023595 1
tr12 1 0024786 1
tr12 1 0024952 1
tr12 1 0025495 1
tr12 1 0025786 1
tr12 0.5 0026436 1
tr12 1 0026569 1
tr12 0.5 0026661 1
tr12 1 0027408 1
tr12 1 0027901 1
tr12 1 0028073 1
tr12 1 0028462 1
tr12 1 0029880 1
tr12 0.5 0029912 1
tr12 1 0030148 1
tr12 0.5 0030370 1
tr12 0.5 0031100 1
tr12 0.5 0032053 1
tr12 0.5 0033852 1
tr12 0.5 0034112 1
tr12 1 0034206 1
tr12 1 0034325 1
tr12 1 0034700 1
tr12 0.5 0034927 1
tr12 1 0035081 1
tr12 1 0035134 1
tr12 1 0035505 1
tr12 0.5 0035548 1
tr12 1 0035570 1
tr12 1 0036307 1
tr12 0.5 0036707 1
tr12 0.5 0037145 1
tr12 0.5 0038036 1
tr12 1 0038137 1
tr12 1 0038247 1
tr12 1 0038308 1
tr12 1 0039684 1
tr12 0.5 0039786 1
tr12 0.5 0039832 1
tr12 1 0040477 1
tr12 1 0040597 1
tr12 1 0040796 1
tr12 0.5 0041140 1
tr12 0.5 0041366 1
tr12 1 0041571 1
tr12 1 0042859 1
tr12 1 0043180 1
tr12 0.5 0043233 1
tr12 1 0043410 1
tr12 0.5 0043584 1
tr12 1 0044003 1
tr12 0.5 0045244 1
tr12 1 0045275 1
tr12 1 0045323 1
tr12 0.5 0045728 1
tr12 0.5 0045783 1
tr12 0.5 0046011 1
tr12 1 0046098 1
tr12 1 0048093 1
tr12 0.5 0048281 1
tr12 1 0048322 1
tr12 0.5 0048597 1
tr12 1 0049017 1
tr12 1 0049585 1
tr12 1 0050840 1
tr13 1 0001927 1
tr13 0.5 0003411 1
tr13 1 0005402 1
tr13 1 0006051 1
tr13 0.5 0007701 1
tr13 1 0008364 1
tr13 1 0008430 1
tr13 1 0009784 1
tr13 1 0010224 1
tr13 0.5 0010944 1
tr13 1 0010984 1
tr13 1 0011427 1
tr13 0.5 0015642 1
tr13 0.5 0016098 1
tr13 1 0017911 1
tr13 1 0019223 1
tr13 1 0020732 1
tr13 0.5 0021227 1
tr13 1 0024376 1
tr13 1 0024884 1
tr13 0.5 0026804 1
tr13 1 0027419 1
tr13 0.5 0030370 1
tr13 1 0030551 1
tr13 0.5 0030717 1
tr13 1 0032471 1
tr13 0.5 0032638 1
tr13 0.5 0033176 1
tr13 1 0033265 1
tr13 1 0033624 1
tr13 1 0034537 1
tr13 0.5 0035129 1
tr13 0.5 0035963 1
tr13 0.5 0036650 1
tr13 1 0036819 1
tr13 1 0039401 1
tr13 1 0040445 1
tr13 0.5 0041461 1
tr13 1 0044163 1
tr13 0.5 0044736 1
tr13 1 0044914 1
tr13 1 0044948 1
tr13 1 0047653 1
tr13 1 0047892 1
tr13 0.5 0047984 1
tr13 1 0048707 1
tr13 1 0049259 1
tr13 0.5 0049545 1
tr13 1 0050821 1
tr14 0.5 0021186 1
tr14 1 0027903 1
tr14 0.5 0028993 1
tr14 1 0033624 1
tr14 0.5 0049188 1
tr15 1 0006045 1
tr15 0.5 0010224 1
tr15 1 0012519 1
tr15 1 0013638 1
tr15 1 0019344 1
tr15 1 0024996 1
tr15 1 0026164 1
tr15 1 0028475 1
tr15 1 0028954 1
tr15 1 0044961 1
tr15 1 0046959 1
tr15 1 0048707 1
tr16 1 0011438 1
tr16 1 0018744 1
tr16 1 0019344 1
tr16 1 0022019 1
tr16 1 0024376 1
tr16 1 0024996 1
tr16 1 0028954 1
tr16 1 0039068 1
tr16 1 0045079 1
tr16 1 0046036 1
tr16 1 0046603 1
tr17 1 0001258 1
tr17 1 0002571 1
tr17 1 0004397 1
tr17 1 0006055 1
tr17 0.5 0007237 1
tr17 1 0009190 1
tr17 0.5 0009875 1
tr17 1 0010566 1
tr17 0.5 0010699 1
tr17 1 0012563 1
tr17 1 0013116 1
tr17 1 0015962 1
tr17 1 0016907 1
tr17 1 0017167 1
tr17 0.5 0017522 1
tr17 0.5 0020344 1
tr17 1 0020816 1
tr17 1 0022194 1
tr17 1 0022720 1
tr17 1 0022756 1
tr17 0.5 0022838 1
tr17 0.5 0023139 1
tr17 1 0024314 1
tr17 1 0024451 1
tr17 0.5 0026984 1
tr17 1 0027601 1
tr17 1 0030569 1
tr17 1 0033160 1
tr17 1 0033673 1
tr17 0.5 0033679 1
tr17 1 0033847 1
tr17 1 0034493 1
tr17 0.5 0036709 1
tr17 0.5 0037285 1
tr17 0.5 0037516 1
tr17 0.5 0041226 1
tr17 1 0041696 1
tr17 0.5 0043144 1
tr17 1 0045310 1
tr17 1 0045332 1
tr17 1 0045404 1
tr17 0.5 0046290 1
tr17 0.5 0046303 1
tr17 1 0048501 1
tr17 1 0049357 1
tr18 1 0001997 1
tr18 1 0002626 1
tr18 1 0008364 1
tr18 1 0008956 1
tr18 1 0010243 1
tr18 1 0011581 1
tr18 1 0014022 1
tr18 0.5 0019374 1
tr18 1 0020546 1
tr18 1 0021590 1
tr18 1 0022391 1
tr18 1 0026035 1
tr18 1 0027901 1
tr18 1 0028067 1
tr18 1 0028660 1
tr18 1 0029379 1
tr18 1 0029559 1
tr18 0.5 0032364 1
tr18 0.5 0033265 1
tr18 1 0033957 1
tr18 1 0034096 1
tr18 1 0034846 1
tr18 1 0037469 1
tr18 1 0039310 1
tr18 0.5 0039706 1
tr18 1 0044961 1
tr18 1 0045079 1
tr18 0.5 0045275 1
tr18 1 0046708 1
tr18 1 0046976 1
tr18 0.5 0048007 1
tr18 0.5 0049545 1
tr19 1 0000094 1
tr19 0.5 0003017 1
tr19 1 0013732 1
tr19 0.5 0017265 1
tr19 1 0020805 1
tr19 1 0021395 1
tr19 1 0023976 1
tr19 1 0024186 1
tr19 1 0025232 1
tr19 1 0027639 1
tr19 0.5 0027998 1
tr19 0.5 0031255 1
tr19 1 0038142 1
tr19 1 0041060 1
tr19 0.5 0045275 1
tr19 1 0049259 1
tr20 0.5 0000663 1
tr20 1 0001529 1
tr20 1 0002016 1
tr20 0.5 0003974 1
tr20 0.5 0004771 1
tr20 1 0005616 1
tr20 1 0007689 1
tr20 1 0007815 1
tr20 1 0010859 1
tr20 0.5 0015452 1
tr20 1 0025919 1
tr20 0.5 0028197 1
tr20 1 0030925 1
tr20 0.5 0031984 1
tr20 1 0032652 1
tr20 0.5 0033927 1
tr20 0.5 0034210 1
tr20 0.5 0034292 1
tr20 1 0038098 1
tr20 0.5 0038310 1
tr20 1 0041344 1
tr20 1 0043075 1
tr20 1 0043585 1
tr20 0.5 0044210 1
tr20 1 0046119 1
tr21 1 0000243 1
tr21 1 0000430 1
tr21 1 0001081 1
tr21 1 0001307 1
tr21 0.5 0001465 1
tr21 1 0002180 1
tr21 1 0002302 1
tr21 1 0002332 1
tr21 1 0003307 1
tr21 1 0003524 1
tr21 1 0003796 1
tr21 1 0004079 1
tr21 1 0004406 1
tr21 1 0006427 1
tr21 1 0007106 1
tr21 1 0008082 1
tr21 1 0008975 1
tr21 1 0009776 1
tr21 1 0010571 1
tr21 1 0013011 1
tr21 1 0013359 1
tr21 1 0014038 1
tr21 1 0014053 1
tr21 1 0015922 1
tr21 1 0016935 1
tr21 0.5 0017128 1
tr21 1 0017140 1
tr21 1 0020893 1
tr21 1 0021626 1
tr21 1 0023601 1
tr21 0.5 0024060 1
tr21 1 0024073 1
tr21 1 0024845 1
tr21 1 0027041 1
tr21 1 0028698 1
tr21 1 0029508 1
tr21 1 0030138 1
tr21 1 0030599 1
tr21 0.5 0030691 1
tr21 1 0031469 1
tr21 1 0031547 1
tr21 1 0031591 1
tr21 1 0032198 1
tr21 0.5 0032422 1
tr21 1 0032583 1
tr21 1 0033678 1
tr21 1 0033835 1
tr21 1 0033897 1
tr21 1 0034720 1
tr21 1 0036378 1
tr21 1 0036923 1
tr21 1 0037635 1
tr21 1 0039793 1
tr21 1 0041140 1
tr21 1 0041730 1
tr21 1 0042016 1
tr21 1 0042505 1
tr21 1 0042625 1
tr21 1 0043027 1
tr21 1 0044961 1
tr21 1 0046164 1
tr21 1 0046326 1
tr21 1 0046715 1
tr21 1 0046807 1
tr21 1 0046925 1
tr21 1 0047297 1
tr21 1 0048182 1
tr21 1 0048297 1
tr21 1 0049948 1
tr21 1 0050115 1
tr22 1 0000813 1
tr22 1 0001529 1
tr22 0.5 0004771 1
tr22 0.5 0007744 1
tr22 1 0010855 1
tr22 1 0012958 1
tr22 1 0013540 1
tr22 0.5 0013756 1
tr22 1 0022767 1
tr22 0.5 0025007 1
tr22 1 0025077 1
tr22 1 0026606 1
tr22 0.5 0026967 1
tr22 0.5 0027750 1
tr22 0.5 0029138 1
tr22 0.5 0029839 1
tr22 1 0030277 1
tr22 0.5 0031935 1
tr22 1 0033835 1
tr22 1 0033892 1
tr22 0.5 0034075 1
tr22 1 0037413 1
tr22 0.5 0040892 1
tr22 0.5 0041956 1
tr22 1 0044210 1
tr22 1 0046192 1
tr22 0.5 0046807 1
tr22 0.5 0047338 1
tr22 0.5 0047642 1
tr22 0.5 0050115 1
tr23 1 0001529 1
tr23 0.5 0001570 1
tr23 1 0006555 1
tr23 0.5 0011022 1
tr23 0.5 0025417 1
tr23 1 0029138 1
tr23 0.5 0029839 1
tr23 0.5 0031935 1
tr23 0.5 0031984 1
tr23 1 0032652 1
tr23 0.5 0033835 1
tr23 0.5 0033927 1
tr23 0.5 0034210 1
tr23 0.5 0034395 1
tr23 1 0037413 1
tr23 0.5 0041956 1
tr23 0.5 0044210 1
tr23 0.5 0044903 1
tr23 0.5 0045572 1
tr23 0.5 0046119 1
tr23 0.5 0046807 1
tr23 0.5 0047338 1
tr24 1 0001307 1
tr24 0.5 0009090 1
tr24 0.5 0015922 1
tr24 0.5 0016261 1
tr24 0.5 0021053 1
tr24 0.5 0024168 1
tr24 0.5 0025567 1
tr24 0.5 0026967 1
tr24 0.5 0027750 1
tr24 0.5 0031935 1
tr24 0.5 0034292 1
tr24 0.5 0040564 1
tr24 0.5 0040817 1
tr24 0.5 0041956 1
tr24 0.5 0044210 1
tr24 0.5 0044595 1
tr24 0.5 0045549 1
tr24 0.5 0046119 1
tr24 0.5 0049528 1
tr25 1 0000654 1
tr25 0.5 0000924 1
tr25 1 0004076 1
tr25 0.5 0006764 1
tr25 0.5 0007108 1
tr25 0.5 0007249 1
tr25 1 0008714 1
tr25 1 0008865 1
tr25 1 0009668 1
tr25 0.5 0009728 1
tr25 1 0010805 1
tr25 1 0011243 1
tr25 1 0012063 1
tr25 1 0012364 1
tr25 1 0012675 1
tr25 1 0012958 1
tr25 0.5 0013587 1
tr25 0.5 0016935 1
tr25 1 0017332 1
tr25 0.5 0017949 1
tr25 0.5 0019044 1
tr25 1 0021917 1
tr25 1 0021940 1
tr25 0.5 0022984 1
tr25 0.5 0023095 1
tr25 0.5 0023981 1
tr25 1 0025417 1
tr25 0.5 0026715 1
tr25 0.5 0027136 1
tr25 1 0027750 1
tr25 0.5 0027771 1
tr25 0.5 0027856 1
tr25 0.5 0028698 1
tr25 0.5 0031591 1
tr25 1 0033493 1
tr25 1 0033687 1
tr25 0.5 0033897 1
tr25 0.5 0034075 1
tr25 1 0035229 1
tr25 0.5 0036054 1
tr25 1 0036064 1
tr25 0.5 0036107 1
tr25 0.5 0037413 1
tr25 0.5 0037482 1
tr25 1 0037578 1
tr25 1 0037813 1
tr25 1 0038368 1
tr25 1 0039932 1
tr25 1 0040118 1
tr25 0.5 0040141 1
tr25 1 0040892 1
tr25 0.5 0041508 1
tr25 1 0041956 1
tr25 1 0042129 1
tr25 1 0042387 1
tr25 1 0042895 1
tr25 0.5 0044865 1
tr25 1 0044961 1
tr25 1 0045549 1
tr25 1 0046807 1
tr25 1 0047548 1
tr25 0.5 0048297 1
tr26 0.5 0000036 1
tr26 0.5 0000706 1
tr26 1 0000711 1
tr26 1 0001303 1
tr26 0.5 0001643 1
tr26 1 0001783 1
tr26 0.5 0003133 1
tr26 1 0003394 1
tr26 1 0003524 1
tr26 0.5 0005462 1
tr26 1 0005469 1
tr26 0.5 0005821 1
tr26 1 0006411 1
tr26 0.5 0007160 1
tr26 0.5 0007701 1
tr26 0.5 0007876 1
tr26 0.5 0008489 1
tr26 1 0008585 1
tr26 1 0009532 1
tr26 1 0011345 1
tr26 1 0011681 1
tr26 1 0012031 1
tr26 0.5 0012427 1
tr26 0.5 0013756 1
tr26 1 0013838 1
tr26 0.5 0014237 1
tr26 1 0015418 1
tr26 0.5 0015631 1
tr26 0.5 0016111 1
tr26 1 0016164 1
tr26 0.5 0016816 1
tr26 0.5 0016979 1
tr26 1 0018253 1
tr26 1 0019300 1
tr26 0.5 0020732 1
tr26 1 0021001 1
tr26 1 0021011 1
tr26 0.5 0021492 1
tr26 0.5 0022045 1
tr26 0.5 0022625 1
tr26 1 0022764 1
tr26 1 0023061 1
tr26 0.5 0023212 1
tr26 1 0023484 1
tr26 1 0024526 1
tr26 1 0024742 1
tr26 1 0025200 1
tr26 1 0025214 1
tr26 1 0026791 1
tr26 1 0026901 1
tr26 1 0027136 1
tr26 1 0027582 1
tr26 0.5 0028361 1
tr26 0.5 0028478 1
tr26 1 0028713 1
tr26 1 0029266 1
tr26 0.5 0029305 1
tr26 1 0029821 1
tr26 0.5 0029839 1
tr26 1 0030681 1
tr26 1 0031121 1
tr26 1 0031191 1
tr26 1 0031738 1
tr26 1 0032065 1
tr26 1 0032218 1
tr26 0.5 0032591 1
tr26 1 0033124 1
tr26 0.5 0033180 1
tr26 1 0033508 1
tr26 1 0033678 1
tr26 1 0034560 1
tr26 1 0034709 1
tr26 0.5 0034971 1
tr26 1 0035406 1
tr26 1 0035440 1
tr26 1 0035746 1
tr26 1 0036400 1
tr26 0.5 0036435 1
tr26 0.5 0036882 1
tr26 1 0037482 1
tr26 1 0038178 1
tr26 1 0038481 1
tr26 1 0039232 1
tr26 1 0039729 1
tr26 1 0039909 1
tr26 1 0041193 1
tr26 0.5 0041461 1
tr26 1 0043027 1
tr26 1 0043397 1
tr26 0.5 0043918 1
tr26 1 0044490 1
tr26 0.5 0044903 1
tr26 0.5 0045737 1
tr26 1 0046415 1
tr26 1 0046914 1
tr26 1 0047478 1
tr26 1 0047897 1
tr26 1 0047984 1
tr26 1 0048919 1
tr26 0.5 0049051 1
tr26 0.5 0049314 1
tr26 0.5 0049575 1
tr26 0.5 0050326 1
tr26 0.5 0050570 1
tr26 1 0050647 1
tr26 1 0050656 1
tr27 1 0000375 1
tr27 1 0002152 1
tr27 1 0002779 1
tr27 1 0003133 1
tr27 0.5 0004001 1
tr27 0.5 0007094 1
tr27 1 0007469 1
tr27 1 0008511 1
tr27 1 0009626 1
tr27 1 0010453 1
tr27 1 0010552 1
tr27 1 0011271 1
tr27 1 0011781 1
tr27 1 0011832 1
tr27 1 0013431 1
tr27 0.5 0014237 1
tr27 1 0016681 1
tr27 0.5 0019471 1
tr27 1 0020623 1
tr27 1 0020990 1
tr27 0.5 0022177 1
tr27 0.5 0023344 1
tr27 1 0024410 1
tr27 0.5 0025062 1
tr27 0.5 0026301 1
tr27 0.5 0026843 1
tr27 1 0032591 1
tr27 0.5 0033074 1
tr27 1 0033569 1
tr27 1 0033624 1
tr27 0.5 0033852 1
tr27 0.5 0034753 1
tr27 1 0036180 1
tr27 1 0036186 1
tr27 0.5 0036703 1
tr27 1 0040392 1
tr27 0.5 0041767 1
tr27 1 0041846 1
tr27 1 0042078 1
tr27 1 0044627 1
tr27 1 0045734 1
tr27 1 0046168 1
tr27 1 0046991 1
tr27 1 0050348 1
tr28 0.5 0000841 1
tr28 0.5 0004771 1
tr28 0.5 0005671 1
tr28 1 0006514 1
tr28 0.5 0008044 1
tr28 0.5 0013932 1
tr28 1 0015224 1
tr28 0.5 0015760 1
tr28 0.5 0018197 1
tr28 0.5 0018978 1
tr28 0.5 0019451 1
tr28 1 0021793 1
tr28 1 0021922 1
tr28 0.5 0022115 1
tr28 0.5 0023510 1
tr28 1 0023699 1
tr28 0.5 0024414 1
tr28 0.5 0027562 1
tr28 0.5 0027601 1
tr28 1 0030596 1
tr28 0.5 0031322 1
tr28 0.5 0037285 1
tr28 1 0040295 1
tr28 0.5 0041226 1
tr28 0.5 0041668 1
tr28 1 0041696 1
tr28 1 0041773 1
tr28 0.5 0048501 1
tr28 0.5 0050565 1
tr29 0.5 0000545 1
tr29 0.5 0002571 1
tr29 0.5 0003560 1
tr29 0.5 0004517 1
tr29 0.5 0005230 1
tr29 0.5 0006998 1
tr29 0.5 0007789 1
tr29 0.5 0008906 1
tr29 0.5 0010523 1
tr29 0.5 0015369 1
tr29 1 0015620 1
tr29 1 0015709 1
tr29 0.5 0015867 1
tr29 0.5 0015939 1
tr29 1 0017395 1
tr29 1 0018144 1
tr29 0.5 0018326 1
tr29 0.5 0018881 1
tr29 1 0018978 1
tr29 1 0019598 1
tr29 1 0020326 1
tr29 0.5 0021685 1
tr29 1 0025832 1
tr29 0.5 0026579 1
tr29 1 0027456 1
tr29 0.5 0027480 1
tr29 1 0027527 1
tr29 0.5 0027562 1
tr29 1 0027582 1
tr29 0.5 0028330 1
tr29 1 0030201 1
tr29 0.5 0031342 1
tr29 1 0031597 1
tr29 0.5 0032320 1
tr29 1 0032855 1
tr29 0.5 0032871 1
tr29 0.5 0033057 1
tr29 1 0033464 1
tr29 0.5 0035723 1
tr29 0.5 0036244 1
tr29 1 0036875 1
tr29 0.5 0037509 1
tr29 0.5 0037852 1
tr29 0.5 0038656 1
tr29 1 0039562 1
tr29 1 0040295 1
tr29 0.5 0041157 1
tr29 1 0041226 1
tr29 1 0041696 1
tr29 1 0042878 1
tr29 1 0044398 1
tr29 0.5 0045720 1
tr29 1 0046252 1
tr29 0.5 0046697 1
tr29 1 0048809 1
tr29 0.5 0048921 1
tr29 1 0049670 1
tr29 0.5 0050098 1
tr30 0.5 0002091 1
tr30 0.5 0002571 1
tr30 0.5 0005230 1
tr30 0.5 0006714 1
tr30 0.5 0008906 1
tr30 0.5 0009848 1
tr30 0.5 0012563 1
tr30 0.5 0013106 1
tr30 0.5 0013617 1
tr30 1 0015962 1
tr30 1 0016907 1
tr30 1 0027456 1
tr30 0.5 0036703 1
tr30 1 0036709 1
tr30 0.5 0042878 1
tr30 1 0045310 1
