CD009263 0 0042457 1
CD009263 0 0075105 1
CD009263 0 0035530 1
CD009263 0 0042305 1
CD009263 0 0099697 1
CD009263 0 0068586 1
CD009263 0 0036295 1
CD009263 0 0027926 1
CD009263 0 0047443 1
CD009263 0 0062862 1
CD011926 0 0167567 1
CD011926 0 0168581 1
CD011926 0 0164978 1
CD011926 0 0166711 1
CD011926 0 0168073 1
CD011926 0 0167650 1
CD011926 0 0167971 1
CD011926 0 0167993 1
CD011926 0 0165568 1
CD011926 0 0168489 1
CD011926 0 0165987 1
CD011926 0 0166416 1
CD011926 0 0167660 1
CD011926 0 0167527 1
CD011926 0 0165125 1
CD011926 0 0166051 1
CD011926 0 0167014 1
CD011926 0 0165808 1
CD011926 0 0165996 1
CD011926 0 0166556 1
CD011926 0 0168443 1
CD011926 0 0166003 1
CD011926 0 0167245 1
CD011926 0 0166565 1
CD011926 0 0167216 1
CD011926 0 0165601 1
CD011926 0 0167824 1
CD011926 0 0168063 1
CD011926 0 0168765 1
CD012179 0 0003643 1
CD012179 0 0009268 1
CD012179 0 0003647 1
CD012179 0 0009674 1
CD012179 0 0009278 1
CD012179 0 0003230 1
CD012179 0 0000659 1
CD012179 0 0003722 1
CD012179 0 0006153 1
CD012179 0 0004302 1
CD012179 0 0000051 1
CD012179 0 0005366 1
CD012179 0 0007433 1
CD012179 0 0001658 1
CD012179 0 0004319 1
CD012179 0 0003089 1
CD012179 0 0003096 1
CD012179 0 0000718 1
CD012179 0 0000719 1
CD012179 0 0009194 1
CD012179 0 0002560 1
CD012179 0 0009355 1
CD012179 0 0008962 1
CD012179 0 0003090 1
CD012179 0 0004962 1
CD012179 0 0003758 1
CD012179 0 0005607 1
CD012179 0 0009394 1
CD012179 0 0000774 1
CD012179 0 0005614 1
CD012179 0 0009402 1
CD012179 0 0000778 1
CD012179 0 0004986 1
CD012179 0 0003792 1
CD012179 0 0005039 1
CD012179 0 0003582 1
CD012179 0 0008131 1
CD012179 0 0006073 1
CD012179 0 0003226 1
CD012179 0 0001449 1
CD012179 0 0000781 1
CD012179 0 0007586 1
CD012179 0 0002683 1
CD012179 0 0000219 1
CD012179 0 0001463 1
CD012179 0 0008870 1
CD012179 0 0005078 1
CD012179 0 0006333 1
CD012179 0 0003263 1
CD012179 0 0005094 1
CD012179 0 0006345 1
CD012179 0 0000253 1
CD012179 0 0007634 1
CD012179 0 0008898 1
CD012179 0 0006350 1
CD012179 0 0005739 1
CD012179 0 0006361 1
CD012179 0 0007650 1
CD012179 0 0004531 1
CD012179 0 0002132 1
CD012179 0 0004550 1
CD012179 0 0000298 1
CD012179 0 0008693 1
CD012179 0 0003281 1
CD012179 0 0002753 1
CD012179 0 0002173 1
CD012179 0 0009583 1
CD012179 0 0007712 1
CD012179 0 0005692 1
CD012179 0 0002195 1
CD012179 0 0007094 1
CD012179 0 0008993 1
CD012179 0 0000890 1
CD012179 0 0005839 1
CD012179 0 0000985 1
CD012179 0 0006463 1
CD012179 0 0001613 1
CD012179 0 0000391 1
CD012179 0 0006475 1
CD012179 0 0002814 1
CD012179 0 0006497 1
CD012179 0 0004049 1
CD012179 0 0009066 1
CD012179 0 0004917 1
CD012179 0 0004084 1
CD012179 0 0005158 1
CD012179 0 0007853 1
CD012179 0 0008474 1
CD012179 0 0005320 1
CD012179 0 0005975 1
CD012179 0 0009131 1
CD012179 0 0000498 1
CD012179 0 0002908 1
CD012179 0 0001753 1
CD012179 0 0008508 1
CD012179 0 0000516 1
CD012179 0 0004157 1
CD012179 0 0008517 1
CD012179 0 0005357 1
CD012179 0 0005998 1
CD012179 0 0009156 1
CD012179 0 0000536 1
CD012179 0 0008536 1
CD012179 0 0004648 1
CD012179 0 0002936 1
CD012179 0 0007296 1
CD012179 0 0009197 1
CD012179 0 0006047 1
CD012179 0 0006051 1
CD012179 0 0007956 1
CD012179 0 0001796 1
CD012179 0 0009828 1
CD012179 0 0006077 1
CD012179 0 0001841 1
CD012179 0 0004832 1
CD012179 0 0006084 1
CD012179 0 0006971 1
CD011431 0 0145902 1
CD011431 0 0145925 1
CD011431 0 0145650 1
CD011431 0 0130240 1
CD011431 0 0129740 1
CD011431 0 0131179 1
CD011431 0 0131186 1
CD011431 0 0145693 1
CD011431 0 0145697 1
CD011431 0 0129792 1
CD011431 0 0131227 1
CD011431 0 0129834 1
CD011431 0 0145789 1
CD011431 0 0131275 1
CD011431 0 0131296 1
CD011431 0 0129872 1
CD011431 0 0131363 1
CD011431 0 0145883 1
CD011431 0 0145884 1
CD011431 0 0145896 1
CD011431 0 0145980 1
CD011431 0 0130034 1
CD011431 0 0130036 1
CD011431 0 0146069 1
CD011431 0 0146071 1
CD011431 0 0131090 1
CD012281 0 0005158 1
CD012281 0 0008016 1
CD012281 0 0003423 1
CD012281 0 0003586 1
CD012281 0 0009278 1
CD012281 0 0004986 1
CD012281 0 0007635 1
CD012281 0 0004319 1
CD012281 0 0000298 1
CD012165 0 0003654 1
CD012165 0 0001274 1
CD012165 0 0004280 1
CD012165 0 0006286 1
CD012165 0 0008037 1
CD012165 0 0001939 1
CD012165 0 0000684 1
CD012165 0 0001929 1
CD012165 0 0004319 1
CD012165 0 0006798 1
CD012165 0 0007473 1
CD012165 0 0006866 1
CD012165 0 0005734 1
CD012165 0 0001580 1
CD012165 0 0001683 1
CD012165 0 0003545 1
CD012165 0 0000836 1
CD012165 0 0005114 1
CD012165 0 0000881 1
CD012165 0 0005116 1
CD012165 0 0004986 1
CD012165 0 0004536 1
CD012165 0 0003046 1
CD012165 0 0007064 1
CD012165 0 0007113 1
CD012165 0 0000893 1
CD012165 0 0005820 1
CD012165 0 0000371 1
CD012165 0 0003390 1
CD012165 0 0000378 1
CD012165 0 0006536 1
CD012165 0 0002220 1
CD012165 0 0001004 1
CD012165 0 0007970 1
CD012165 0 0001654 1
CD012165 0 0000072 1
CD012165 0 0108077 1
CD012165 0 0004113 1
CD012165 0 0003523 1
CD012165 0 0006601 1
CD012165 0 0001740 1
CD012165 0 0002915 1
CD012165 0 0006526 1
CD012165 0 0007920 1
CD012165 0 0006649 1
CD012165 0 0006071 1
CD012165 0 0001868 1
CD011053 0 0010263 1
CD011053 0 0011257 1
CD011053 0 0011763 1
CD011053 0 0010204 1
CD011053 0 0010538 1
CD011053 0 0011921 1
CD011053 0 0011401 1
CD010213 0 0138433 1
CD010213 0 0144145 1
CD010213 0 0034774 1
CD010213 0 0139866 1
CD010213 0 0143030 1
CD010213 0 0142133 1
CD010213 0 0062839 1
CD010213 0 0139503 1
CD010213 0 0025794 1
CD010213 0 0137798 1
CD010213 0 0138688 1
CD010213 0 0138699 1
CD010213 0 0134678 1
CD010213 0 0058105 1
CD010213 0 0140489 1
CD010213 0 0133558 1
CD010213 0 0142295 1
CD010213 0 0145060 1
CD010213 0 0134478 1
CD010213 0 0140571 1
CD010213 0 0145115 1
CD010213 0 0136427 1
CD010213 0 0141413 1
CD010213 0 0140765 1
CD010213 0 0073494 1
CD010213 0 0134697 1
CD010213 0 0137355 1
CD010213 0 0133904 1
CD010213 0 0136485 1
CD010213 0 0137422 1
CD010213 0 0132883 1
CD010213 0 0138352 1
CD010213 0 0133197 1
CD011126 0 0152088 1
CD011126 0 0152439 1
CD011126 0 0149479 1
CD011126 0 0150485 1
CD011126 0 0151441 1
CD011126 0 0150757 1
CD011126 0 0153501 1
CD011126 0 0148576 1
CD011126 0 0150603 1
CD012216 0 0127156 1
CD011515 0 0135043 1
CD008587 0 0159241 1
CD008587 0 0158810 1
CD008587 0 0154871 1
CD008587 0 0157842 1
CD008587 0 0159353 1
CD008587 0 0155497 1
CD008587 0 0156979 1
CD008587 0 0160696 1
CD008587 0 0158293 1
CD008587 0 0159249 1
CD008587 0 0155969 1
CD008587 0 0154387 1
CD008587 0 0155943 1
CD008587 0 0155330 1
CD008587 0 0155115 1
CD008587 0 0163276 1
CD008587 0 0155870 1
CD008587 0 0154941 1
CD008587 0 0160776 1
CD008587 0 0160381 1
CD008587 0 0161983 1
CD008587 0 0155436 1
CD008587 0 0160142 1
CD008587 0 0161647 1
CD008587 0 0161778 1
CD008587 0 0160745 1
CD008587 0 0162557 1
CD008587 0 0158799 1
CD008587 0 0160750 1
CD008587 0 0154628 1
CD008587 0 0160719 1
CD008587 0 0161078 1
CD008587 0 0154547 1
CD008587 0 0155453 1
CD008587 0 0157931 1
CD011420 0 0172993 1
CD011420 0 0172997 1
CD011420 0 0173112 1
CD011420 0 0173072 1
CD011420 0 0172949 1
CD011602 0 0014537 1
CD011912 0 0100197 1
CD011912 0 0099958 1
CD011912 0 0100964 1
CD011912 0 0100853 1
CD011912 0 0100191 1
CD011912 0 0100674 1
CD011912 0 0100386 1
CD011912 0 0100611 1
CD011912 0 0101115 1
CD011912 0 0100362 1
CD011912 0 0101220 1
CD011912 0 0100662 1
CD011912 0 0100569 1
CD011912 0 0101037 1
CD011912 0 0100702 1
CD011912 0 0100663 1
CD011912 0 0100150 1
CD011912 0 0101003 1
CD010864 0 0129448 1
CD010864 0 0128328 1
CD010864 0 0127362 1
CD009175 0 0108681 1
CD009175 0 0113355 1
CD009175 0 0111514 1
CD009175 0 0108805 1
CD009175 0 0111394 1
CD009175 0 0110292 1
CD009175 0 0108580 1
CD008122 0 0131331 1
CD008122 0 0130864 1
CD008122 0 0129787 1
CD008122 0 0130160 1
CD008122 0 0129792 1
CD008122 0 0130032 1
CD008122 0 0130664 1
CD008122 0 0131105 1
CD008122 0 0130191 1
CD008122 0 0130034 1
CD008122 0 0130036 1
CD008122 0 0130378 1
CD008122 0 0130296 1
CD008122 0 0131227 1
CD008122 0 0131121 1
CD008122 0 0131363 1
CD008122 0 0130309 1
CD008122 0 0129950 1
CD008122 0 0131020 1
CD008122 0 0130783 1
CD008122 0 0130790 1
CD008122 0 0131380 1
CD008122 0 0129834 1
CD008122 0 0130204 1
CD008122 0 0130711 1
CD008122 0 0131275 1
CD008122 0 0130928 1
CD008122 0 0130349 1
CD008122 0 0131319 1
CD008122 0 0129872 1
CD008122 0 0130240 1
CD008122 0 0130609 1
CD008122 0 0129677 1
CD008122 0 0131421 1
CD008122 0 0129740 1
CD008122 0 0129876 1
CD008122 0 0130479 1
CD008122 0 0130834 1
CD008122 0 0131198 1
CD008122 0 0131430 1
CD008122 0 0131296 1
CD008122 0 0129879 1
CD008122 0 0130839 1
CD008122 0 0131179 1
CD008122 0 0130370 1
CD008122 0 0130130 1
CD008122 0 0131184 1
CD008122 0 0131186 1
CD008122 0 0130490 1
CD008122 0 0129762 1
CD008122 0 0129769 1
CD008122 0 0131456 1
CD008122 0 0130642 1
CD008122 0 0130816 1
CD008122 0 0131323 1
CD008122 0 0131325 1
CD008122 0 0131090 1
CD010296 0 0114842 1
CD010296 0 0118207 1
CD010296 0 0115170 1
CD010296 0 0116088 1
CD010296 0 0117982 1
CD010296 0 0118292 1
CD010296 0 0117322 1
CD010296 0 0117407 1
CD010296 0 0118367 1
CD010296 0 0118517 1
CD010296 0 0116961 1
CD010296 0 0115250 1
CD010296 0 0116674 1
CD010296 0 0114765 1
CD010296 0 0118068 1
CD010296 0 0116453 1
CD010296 0 0118226 1
CD010296 0 0114321 1
CD010296 0 0115534 1
CD010296 0 0114530 1
CD010296 0 0115747 1
CD010296 0 0117569 1
CD010296 0 0117919 1
CD010296 0 0116846 1
CD010296 0 0118321 1
CD010296 0 0118174 1
CD010296 0 0114545 1
CD010296 0 0117283 1
CD010296 0 0115214 1
CD010296 0 0117719 1
CD010296 0 0114480 1
CD010296 0 0115224 1
CD010296 0 0114080 1
CD010296 0 0115634 1
CD010296 0 0116723 1
CD010296 0 0114290 1
CD010296 0 0118046 1
CD010296 0 0115927 1
CD010657 0 0018568 1
CD010657 0 0018929 1
CD010657 0 0018697 1
CD010657 0 0018370 1
CD010657 0 0019763 1
CD010657 0 0019419 1
CD010657 0 0018779 1
CD010657 0 0019294 1
CD010657 0 0018942 1
CD010657 0 0018830 1
CD010657 0 0019885 1
CD010657 0 0018948 1
CD010657 0 0018381 1
CD010657 0 0018834 1
CD010657 0 0019200 1
CD010657 0 0019201 1
CD010657 0 0019669 1
CD010657 0 0019574 1
CD010657 0 0019218 1
CD010657 0 0018429 1
CD010657 0 0019466 1
CD010657 0 0018761 1
CD010657 0 0018318 1
CD010657 0 0019484 1
CD010657 0 0018320 1
CD010657 0 0019942 1
CD010657 0 0019880 1
CD010657 0 0019607 1
CD010657 0 0018330 1
CD010657 0 0019025 1
CD010657 0 0018666 1
CD010657 0 0018669 1
CD010657 0 0018683 1
CD010657 0 0019517 1
CD010657 0 0019051 1
CD012599 0 0174217 1
CD012599 0 0180790 1
CD012599 0 0177774 1
CD012599 0 0174228 1
CD012599 0 0174768 1
CD012599 0 0178951 1
CD012599 0 0177382 1
CD012599 0 0180930 1
CD012599 0 0179430 1
CD012599 0 0179952 1
CD012599 0 0174410 1
CD012599 0 0175429 1
CD012599 0 0175448 1
CD012599 0 0173509 1
CD012599 0 0176402 1
CD012599 0 0174018 1
CD012599 0 0175564 1
CD012599 0 0180664 1
CD012599 0 0178650 1
CD012010 0 0103697 1
CD012010 0 0107449 1
CD012010 0 0106047 1
CD012010 0 0103671 1
CD012010 0 0104485 1
CD012010 0 0107143 1
CD012010 0 0106604 1
CD012010 0 0106413 1
CD008892 0 0163543 1
CD008892 0 0164312 1
CD008892 0 0163984 1
CD008892 0 0163787 1
CD008892 0 0130665 1
CD008892 0 0163733 1
CD008892 0 0163471 1
CD008892 0 0164572 1
CD008892 0 0164842 1
CD008892 0 0164767 1
CD008892 0 0164507 1
CD008892 0 0163861 1
CD008892 0 0163578 1
CD008892 0 0164692 1
CD008892 0 0164593 1
CD008892 0 0164057 1
CD008892 0 0163493 1
CD008892 0 0163960 1
CD008892 0 0163609 1
CD008892 0 0164380 1
CD008892 0 0164897 1
CD008892 0 0164899 1
CD008892 0 0163518 1
CD008892 0 0164085 1
CD008892 0 0164727 1
CD008892 0 0164502 1
CD008892 0 0164124 1
CD008892 0 0164730 1
CD008892 0 0145839 1
CD008892 0 0163909 1
CD012083 0 0126831 1
CD012083 0 0126898 1
CD012083 0 0126856 1
CD012083 0 0126928 1
CD012083 0 0127087 1
CD009694 0 0154170 1
CD009694 0 0154171 1
CD009694 0 0154255 1
CD009694 0 0154281 1
CD009694 0 0154287 1
CD009694 0 0154253 1
CD009694 0 0154264 1
CD009694 0 0154199 1
CD009694 0 0154311 1
CD010502 0 0170874 1
CD010502 0 0171977 1
CD010502 0 0172332 1
CD010502 0 0172147 1
CD010502 0 0170339 1
CD010502 0 0171424 1
CD010502 0 0170703 1
CD010502 0 0171616 1
CD010502 0 0170482 1
CD010502 0 0170180 1
CD010502 0 0171254 1
CD010502 0 0171433 1
CD010502 0 0172351 1
CD010502 0 0172158 1
CD010502 0 0171514 1
CD010502 0 0171438 1
CD010502 0 0170895 1
CD010502 0 0172004 1
CD010502 0 0171085 1
CD010502 0 0170593 1
CD010502 0 0172013 1
CD010502 0 0170737 1
CD010502 0 0172760 1
CD010502 0 0171283 1
CD010502 0 0170562 1
CD010502 0 0172388 1
CD010502 0 0172778 1
CD010502 0 0172402 1
CD010502 0 0171690 1
CD010502 0 0172338 1
CD010502 0 0172793 1
CD010502 0 0172753 1
CD010502 0 0172339 1
CD010502 0 0172807 1
CD010502 0 0170414 1
CD010502 0 0170246 1
CD010502 0 0170249 1
CD010502 0 0170420 1
CD010502 0 0171147 1
CD010502 0 0170426 1
CD010502 0 0171719 1
CD010502 0 0171343 1
CD010502 0 0172444 1
CD010502 0 0170612 1
CD010502 0 0170430 1
CD010502 0 0171352 1
CD010502 0 0170619 1
CD010502 0 0170973 1
CD010502 0 0172256 1
CD010502 0 0172651 1
CD010502 0 0170447 1
CD010502 0 0170638 1
CD010502 0 0172847 1
CD010502 0 0170120 1
CD010502 0 0171752 1
CD010502 0 0167597 1
CD010502 0 0172220 1
CD010502 0 0172490 1
CD010502 0 0171198 1
CD010502 0 0170212 1
CD010502 0 0171013 1
CD010502 0 0170712 1
CD010502 0 0172700 1
CD010502 0 0172502 1
CD010502 0 0170312 1
CD010502 0 0172315 1
CD010502 0 0172882 1
CD010502 0 0172883 1
CD010502 0 0170284 1
CD010502 0 0171590 1
CD010502 0 0171787 1
CD011686 0 0188941 1
CD011686 0 0186072 1
CD012009 0 0169048 1
CD012009 0 0168932 1
CD012009 0 0168981 1
CD012009 0 0169078 1
CD008759 0 0169451 1
CD008759 0 0169259 1
CD008759 0 0013867 1
CD008759 0 0169459 1
CD008759 0 0169303 1
CD008759 0 0015712 1
CD008759 0 0015383 1
CD008759 0 0015611 1
CD008759 0 0169414 1
CD008759 0 0012934 1
CD008759 0 0169465 1
CD008759 0 0017550 1
CD008759 0 0018180 1
CD008759 0 0169952 1
CD008759 0 0169866 1
CD008759 0 0017499 1
CD008759 0 0169229 1
CD008759 0 0014333 1
CD008759 0 0013274 1
CD008759 0 0169954 1
CD008759 0 0169426 1
CD008759 0 0169233 1
CD008759 0 0169920 1
CD008759 0 0169873 1
CD008759 0 0017031 1
CD008759 0 0016813 1
CD008759 0 0169483 1
CD008759 0 0015039 1
CD008759 0 0014191 1
CD008759 0 0169421 1
CD008759 0 0169423 1
CD008759 0 0017080 1
CD008759 0 0015551 1
CD008759 0 0169536 1
CD008759 0 0012242 1
CD008759 0 0018089 1
CD008759 0 0169680 1
CD008759 0 0013629 1
CD008759 0 0017041 1
CD008759 0 0169843 1
CD008759 0 0169284 1
CD008759 0 0169694 1
