0003259
0003269
0003283
0003285
0003293
0003296
0003298
0003317
0003350
0003377
0003390
0003428
0003438
0003442
0003490
0003520
0003554
0003591
0003653
0003746
0003750
0003763
0003803
0003808
0003850
0003855
0003887
0003893
0003897
0003913
0003961
0003994
0003996
0004043
0004046
0004052
0004110
0004124
0004125
0004166
0004190
0004191
0004197
0004231
0004233
0004255
0004258
0004269
0004285
0004287
0004289
0004295
0004299
0004312
0004390
0004426
0004465
0004466
0004470
0004474
0004478
0004481
0004487
0004500
0004528
0004550
0004552
0004559
0004582
0004590
0004594
0004605
0004627
0004629
0004675
0004684
0004706
0004708
0004727
0004732
0004739
0004748
0004750
0004768
0004782
0004814
0004820
0004833
0004842
0004877
0004899
0004908
0004972
0004978
0004994
0004997
0004998
0005022
0005031
0005032
0005044
0005099
0005113
0005136
0005181
0005201
0005213
0005231
0005266
0005267
0005268
0005276
0005342
0005343
0005379
0005417
0005447
0005452
0005475
0005498
0005502
0005503
0005545
0005577
0005580
0005581
0005600
0005632
0005649
0005653
0005675
0005684
0005715
0005726
0005731
0005745
0005757
0005772
0005788
0005815
0005841
0005872
0005966
0005967
0006001
0006006
0006033
0006045
0006062
0006135
0006151
0006177
0006198
0006209
0006228
0006235
0006237
0006239
0006241
0006288
0006314
0006315
0006359
0006376
0006399
0006416
0006428
0006464
0006470
0006483
0006547
0006576
0006645
0006655
0006657
0006671
0006676
0006681
0006692
0006712
0006717
0006768
0006800
0006807
0006823
0006840
0006854
0006860
0006876
0006886
0006889
0006916
0006954
0006959
0006965
0006975
0006976
0007003
0007025
0007053
0007059
0007066
0007086
0007087
0007139
0007166
0007167
0007174
0007179
0007195
0007228
0007230
0007257
0007267
0007277
0007288
0007299
0007307
0007319
0007322
0007323
0007334
0007347
0007352
0007353
0007376
0007392
0007421
0007430
0007431
0007433
0007441
0007474
0007481
0007489
0007494
0007497
0007509
0007540
0007552
0007582
0007587
0007609
0007611
0007632
0007647
0007650
0007672
0007677
0007678
0007689
0007709
0007715
0007749
0007760
0007807
0007848
0007854
0007858
0007879
0007885
0007910
0007935
0007959
0007966
0007975
0008034
0008067
0008082
0008107
0008172
0008207
0008236
0008247
0008253
0008263
0008271
0008282
0008313
0008339
0008348
0008355
0008363
0008374
0008379
0008386
0008417
0008461
0008463
0008469
0008479
0008517
0008550
0008553
0008565
0008579
0008609
0008637
0008655
0008658
0008663
0008665
0008688
0008712
0008713
0008744
0008754
0008759
0008765
0008766
0008783
0008814
0008847
0008848
0008855
0008941
0008943
0008963
0008992
0008993
0009004
0009046
0009051
0009053
0009081
0009109
0009138
0009139
0009140
0009183
0009216
0009219
0009220
0009255
0009269
0009271
0009274
0009285
0009299
0009356
0009376
0009377
0009404
0009424
0009436
0009453
0009494
0009637
0009678
0009693
0009754
0009768
0009796
0009797
0009798
0009806
0009821
0009895
0009923
0009938
0009947
0009948
0009995
0009998
0010012
0010021
0010026
0010041
0010042
0010073
0010076
0010093
0010094
0010095
0010096
0010116
0010123
0010148
0010194
0010211
0010218
0010228
0010233
0010244
0010307
0010312
0010313
0010326
0010331
0010334
0010342
0010381
0010403
0010407
0010410
0010432
0010439
0010448
0010455
0010474
0010477
0010492
0010503
0010517
0010579
0010584
0010596
0010604
0010608
0010624
0010652
0010670
0010676
0010688
0010691
0010695
0010718
0010748
0010772
0010782
0010788
0010831
0010840
0010855
0010857
0010864
0010878
0010884
0010886
0010925
0010958
0010967
0010992
0011021
0011072
0011094
0011099
0011115
0011118
0011125
0011201
0011202
0011210
0011219
0011267
0011278
0011288
0011333
0011346
0011349
0011366
0011370
0011375
0011395
