0008528 0
0008343 0
0006337 0
0007514 0
0008452 0
0000411 0
0006950 0
0005289 0
0003560 0
0006017 0
0010477 1
0075500 0
0119850 0
0000967 0
0004569 0
0007041 0
0008253 1
0001930 0
0007404 0
0030472 0
0004142 0
0004897 0
0003283 1
0007942 0
0010967 1
0011316 0
0008355 1
0007678 1
0010670 1
0010233 1
0004552 1
0008479 1
0010517 1
0010194 1
0003293 1
0010607 0
0008973 0
0009201 0
0007298 0
0004575 0
0005172 0
0011068 0
0006958 0
0007975 1
0004125 1
0006010 0
0005267 1
0009109 1
0007430 1
0005967 1
0003298 1
0003350 1
0008720 0
0005268 1
0007319 1
0009754 1
0007644 0
0008082 1
0005966 1
0005762 0
0006681 1
0005452 1
0003520 1
0006547 1
0008374 1
0005757 1
0008247 1
0009082 0
0007347 1
0004124 1
0011210 1
0009046 1
0004233 1
0010358 0
0004750 1
0006703 0
0006889 1
0009995 1
0004590 1
0011359 0
0011002 0
0011072 1
0005872 1
0004289 1
0006461 0
0010695 1
0010116 1
0007053 1
0007322 1
0007413 0
0003609 0
0005915 0
0011017 0
0010042 1
0003655 0
0003320 0
0008450 0
0007638 0
0009819 0
0008546 0
0005123 0
0011125 1
0007632 1
0006790 0
0006499 0
0007689 1
0010041 1
0008236 1
0005545 1
0006840 1
0006931 0
0003653 1
0005726 1
0006416 1
0007552 1
0011029 0
0008562 0
0009998 1
0008402 0
0008379 1
0009486 0
0008109 0
0007859 0
0007481 1
0011078 0
0006688 0
0006797 0
0004312 1
0005207 0
0006588 0
0009229 0
0003269 1
0005387 0
0007959 1
0004748 1
0011106 0
0007035 0
0005313 0
0003442 1
0010577 0
0009376 1
0005266 1
0010407 1
0005648 0
0009918 0
0007320 0
0009138 1
0005447 1
0007429 0
0009633 0
0004404 0
0005660 0
0007647 1
0008890 0
0005677 0
0010096 1
0006428 1
0010926 0
0007050 0
0010211 1
0006502 0
0004195 0
0010855 1
0006997 0
0004455 0
0004487 1
0005032 1
0005573 0
0006765 0
0003285 1
0011062 0
0004782 1
0007672 1
0004043 1
0009403 0
0009870 0
0005364 0
0010688 1
0010624 1
0006459 0
0007421 1
0003723 0
0008553 1
0005082 0
0007299 1
0007867 0
0005276 1
0004823 0
0006209 1
0006453 0
0003545 0
0004787 0
0009553 0
0005534 0
0003750 1
0006270 0
0003897 1
0010396 0
0009938 1
0010184 0
0010597 0
0007423 0
0004249 0
0008076 0
0007315 0
0007688 0
0004842 1
0010730 0
0007642 0
0009446 0
0008263 1
0008271 1
0010432 1
0004732 1
0009637 1
0003784 0
0007609 1
0004720 0
0007956 0
0008762 0
0006120 0
0008767 0
0011159 0
0008669 0
0006916 1
0005461 0
0003803 1
0006237 1
0007003 1
0004390 1
0008419 0
0011154 0
0005759 0
0007169 0
0009051 1
0006747 0
0010228 1
0008942 0
0007086 1
0007199 0
0007257 1
0007408 0
0004827 0
0010326 1
0006914 0
0008673 0
0007394 0
0010235 0
0008665 1
0007168 0
0004237 0
0006661 0
0004231 1
0011366 1
0006858 0
0008655 1
0010564 0
0009655 0
0010965 0
0009219 1
0007477 0
0004481 1
0007352 1
0006399 1
0009981 0
0010535 0
0007358 0
0006057 0
0009740 0
0004942 0
0011038 0
0010026 1
0006658 0
0009450 0
0009274 1
0005175 0
0005085 0
0010027 0
0010492 1
0007910 1
0008097 0
0005029 0
0008565 1
0009527 0
0008552 0
0008016 0
0005739 0
0009202 0
0005649 1
0008116 0
0006133 0
0007848 1
0008879 0
0005721 0
0007329 0
0008952 0
0003516 0
0008623 0
0006376 1
0009215 0
0004253 0
0010340 0
0005689 0
0005715 1
0009269 1
0009798 1
0007083 0
0004739 1
0003490 1
0007115 0
0009768 1
0007470 0
0009563 0
0006417 0
0010987 0
0004605 1
0008863 0
0005064 0
0006546 0
0011354 0
0005113 1
0007748 0
0004136 0
0007926 0
0008416 0
0010604 1
0007124 0
0004919 0
0010689 0
0007252 0
0004706 1
0004828 0
0008421 0
0004893 0
0010708 0
0008011 0
0009333 0
0004889 0
0006818 0
0010843 0
0009796 1
0006655 1
0010095 1
0005181 1
0006787 0
0006793 0
0003254 0
0003582 0
0010094 1
0005441 0
0010142 0
0007267 1
0007786 0
0003746 1
0009552 0
0010019 0
0004410 0
0008368 0
0008428 0
0009145 0
0005996 0
0006134 0
0007749 1
0007497 1
0009053 1
0007165 0
0003643 0
0007474 1
0010882 0
0005525 0
0003537 0
0011402 0
0007166 1
0004705 0
0008363 1
0005022 1
0003274 0
0004998 1
0007479 0
0010863 0
0003400 0
0003885 0
0005969 0
0008376 0
0004496 0
0011198 0
0008766 1
0010391 0
0004526 0
0007888 0
0004932 0
0008751 0
0007544 0
0010574 0
0006748 0
0003875 0
0010502 0
0008760 0
0004773 0
0117029 0
0007591 0
0009727 0
0005099 1
0009941 0
0008227 0
0005024 0
0003259 1
0007030 0
0010938 0
0005361 0
0005599 0
0006175 0
0007201 0
0010925 1
0004667 0
0004939 0
0005673 0
0007069 0
0004627 1
0010484 0
0010648 0
0006913 0
0009672 0
0004685 0
0008220 0
0008943 1
0009460 0
0004426 1
0009404 1
0007890 0
0006804 0
0007600 0
0006257 0
0004299 1
0010680 0
0004795 0
0005063 0
0005539 0
0008372 0
0009073 0
0006118 0
0005386 0
0011021 1
0009151 0
0006016 0
0010627 0
0008572 0
0009415 0
0011054 0
0003311 0
0011144 0
0004190 1
0007285 0
0005105 0
0010342 1
0008677 0
0009087 0
0007573 0
0005505 0
0009050 0
0009608 0
0008286 0
0007665 0
0003266 0
0004716 0
0008800 0
0004239 0
0006177 1
0003625 0
0011115 1
0005597 0
0009923 1
0003430 0
0010777 0
0010289 0
0004707 0
0009143 0
0004478 1
0004135 0
0006198 1
0003752 0
0011099 1
0010229 0
0008935 0
0004541 0
0009693 1
0005576 0
0004513 0
0003904 0
0007694 0
0005044 1
0006316 0
0010579 1
0004247 0
0006483 1
0004754 0
0005851 0
0009668 0
0009948 1
0009919 0
0005911 0
0005822 0
0009110 0
0006551 0
0010704 0
0010961 0
0004285 1
0005442 0
0010780 0
0009656 0
0006865 0
0006182 0
0009690 0
0008268 0
0011094 1
0011372 0
0007454 0
0009755 0
0007636 0
0010312 1
0007549 0
0005436 0
0007994 0
0009255 1
0008721 0
0115045 0
0009385 0
0007472 0
0006221 0
0009493 0
0010002 0
0005804 0
0005036 0
0005359 0
0011254 0
0010894 0
0005136 1
0003512 0
0006176 0
0007619 0
0005145 0
0011322 0
0004767 0
0006380 0
0008627 0
0006951 0
0011048 0
0006377 0
0008362 0
0011370 1
0007173 0
0004836 0
0010819 0
0009266 0
0010266 0
0003793 0
0009118 0
0006402 0
0009624 0
0007715 1
0007441 1
0006954 1
0007110 0
0004609 0
0006320 0
0007065 0
0010481 0
0005713 0
0008653 0
0003863 0
0010868 0
0010811 0
0005120 0
0009588 0
0009492 0
0011265 0
0007228 1
0009616 0
0009222 0
0008881 0
0007254 0
0007145 0
0009377 1
0004392 0
0004307 0
0003605 0
0011168 0
0011066 0
0005503 1
0004113 0
0008445 0
0007425 0
0008975 0
0006606 0
0004671 0
0009065 0
0003257 0
0116811 0
0004797 0
0006457 0
0008682 0
0006617 0
0004260 0
0003458 0
0004348 0
0003529 0
0003745 0
0006020 0
0008876 0
0006848 0
0007494 1
0008756 0
0004775 0
0007049 0
0004281 0
0003513 0
0006001 1
0005723 0
0006271 0
0009749 0
0008518 0
0006712 1
0010893 0
0011140 0
0011116 0
0009139 1
0007038 0
0003364 0
0009171 0
0109596 0
0007966 1
0004682 0
0003635 0
0122967 0
0004549 0
0116490 0
0005972 0
0003740 0
0113850 0
0010035 0
0005353 0
0006467 0
0009193 0
0009462 0
0061093 0
0009027 0
0004826 0
0007924 0
0006714 0
0011273 0
0005946 0
0004530 0
0007984 0
0005410 0
0007840 0
0009089 0
0010654 0
0007092 0
0007788 0
0006289 0
0005201 1
0004921 0
0006328 0
0006896 0
0007486 0
0008028 0
0109181 0
0117111 0
0003649 0
0003820 0
0005498 1
0011420 0
0009820 0
0011295 0
0009436 1
0005165 0
0005310 0
0007302 0
0005303 0
0010589 0
0011194 0
0009279 0
0003591 1
0007626 0
0007138 0
0006816 0
0007009 0
0004848 0
0009787 0
0117790 0
0007729 0
0005047 0
0009784 0
0011209 0
0011112 0
0009358 0
0004818 0
0005643 0
0008057 0
0003338 0
0010058 0
0008096 0
0008183 0
0009617 0
0010280 0
0003704 0
0004504 0
0005832 0
0116525 0
0008218 0
0004413 0
0010497 0
0113887 0
0007451 0
0008309 0
0004209 0
0009470 0
0006704 0
0008642 0
0009281 0
0008370 0
0117788 0
0003538 0
0009554 0
0008179 0
0006193 0
0005602 0
0009273 0
0007456 0
0006379 0
0008538 0
0009356 1
0003930 0
0004908 1
0010668 0
0006690 0
0010841 0
0010545 0
0007461 0
0077567 0
0010111 0
0008380 0
0006892 0
0004393 0
0009682 0
0008748 0
0010465 0
0007452 0
0009840 0
0011202 1
0006657 1
0003940 0
0010614 0
0009657 0
0003836 0
0008612 0
0010970 0
0004866 0
0003716 0
0008685 0
0011325 0
0006203 0
0010964 0
0005890 0
0008471 0
0010542 0
0005046 0
0009530 0
0009341 0
0006733 0
0010489 0
0010709 0
0004581 0
0011035 0
0010872 0
0006104 0
0010244 1
0009349 0
0003741 0
0004638 0
0008818 0
0009227 0
0009532 0
0003978 0
0009528 0
0007219 0
0004815 0
0007017 0
0005052 0
0010313 1
0010676 1
0007135 0
0010641 0
0011128 0
0004708 1
0004961 0
0003279 0
0003775 0
0011152 0
0005744 0
0005558 0
0011431 0
0008446 0
0005146 0
0004993 0
0004070 0
0009876 0
0009970 0
0003923 0
0008310 0
0007297 0
0113651 0
0007915 0
0004832 0
0007131 0
0009461 0
0009259 0
0045815 0
0003709 0
0009678 1
0009579 0
0003743 0
0005129 0
0004925 0
0010425 0
0003997 0
0011313 0
0009007 0
0009303 0
0008972 0
0051681 0
0007787 0
0004733 0
0010644 0
0006763 0
0003449 0
0083170 0
0009781 0
0006414 0
0007363 0
0006894 0
0007296 0
0007894 0
0006907 0
0011253 0
0005418 0
0009721 0
0005747 0
0006650 0
0008635 0
0008815 0
0005882 0
0003828 0
0116484 0
0009360 0
0010858 0
0010602 0
0010794 0
0010169 0
0114287 0
0109413 0
0007094 0
0011314 0
0008353 0
0010191 0
0003982 0
0010427 0
0009338 0
0004540 0
0007860 0
0117415 0
0006226 0
0029727 0
0121031 0
0108384 0
0007791 0
0120701 0
0010018 0
0008099 0
0046851 0
0009809 0
0009004 1
0008436 0
0006472 0
0006103 0
0007932 0
0009676 0
0009117 0
0007132 0
0001457 0
0007830 0
0116307 0
0003778 0
0003986 0
0004847 0
0008458 0
0110809 0
0007624 0
0008464 0
0009628 0
0009659 0
0011052 0
0003786 0
0005568 0
0006217 0
0109747 0
0118152 0
0009660 0
0005343 1
0005205 0
0010511 0
0034505 0
0009216 1
0010303 0
0110339 0
0004896 0
0005219 0
0119475 0
0032704 0
0003801 0
0062702 0
0006832 0
0005970 0
0008451 0
0011089 0
0005770 0
0006494 0
0006236 0
0102043 0
0009640 0
0007871 0
0006626 0
0008235 0
0007468 0
0008558 0
0006844 0
0006792 0
0004587 0
0008161 0
0009332 0
0009021 0
0006308 0
0058772 0
0010568 0
0057442 0
0007372 0
0005836 0
0118307 0
0032304 0
0117749 0
0004653 0
0099960 0
0003657 0
0003796 0
0004959 0
0010791 0
0006155 0
0007088 0
0004972 1
0007269 0
0007436 0
0005199 0
0005896 0
0006800 1
0008106 0
0003562 0
0009339 0
0006019 0
0007757 0
0008618 0
0007107 0
0110530 0
0040587 0
0006349 0
0008448 0
0008024 0
0010178 0
0058617 0
0005067 0
0007639 0
0010962 0
0004376 0
0004914 0
0006351 0
0006673 0
0010915 0
0010540 0
0010959 0
0004561 0
0006719 0
0117284 0
0008078 0
0010947 0
0008383 0
0010927 0
0007555 0
0010422 0
0003256 0
0004335 0
0009889 0
0004201 0
0005937 0
0117917 0
0010528 0
0007545 0
0113978 0
0007945 0
0009651 0
0118564 0
0113340 0
0005049 0
0116463 0
0007539 0
0004884 0
0008088 0
0113663 0
0003676 0
0007370 0
0109163 0
0008918 0
0004781 0
0008995 0
0010213 0
0009142 0
0009975 0
0011442 0
0111375 0
0006925 0
0006779 0
0122544 0
0116930 0
0048962 0
0009206 0
0010728 0
0114242 0
0116572 0
0003794 0
0006484 0
0008332 0
0080088 0
0006247 0
0004544 0
0018487 0
0028856 0
0114680 0
0112435 0
0007831 0
0010183 0
0010208 0
0004333 0
0058600 0
0110332 0
0008396 0
0004446 0
0086706 0
0006456 0
0025445 0
0043087 0
0113647 0
0118883 0
0004406 0
0004690 0
0119474 0
0117017 0
0046288 0
0007606 0
0008141 0
0010669 0
0055711 0
0091121 0
0108803 0
0110244 0
0065519 0
0031777 0
0052702 0
0033130 0
0098491 0
0028767 0
0020313 0
0006106 0
0003300 0
0028402 0
0022956 0
0043623 0
0114443 0
0090422 0
0116993 0
0112428 0
0082009 0
0116436 0
0023661 0
0051066 0
0112759 0
0119775 0
0052996 0
0114393 0
0120468 0
0060737 0
0001461 0
0034566 0
0103665 0
0028245 0
0100174 0
0070618 0
0117099 0
0062021 0
0004083 0
0012803 0
0108955 0
0004952 0
0094884 0
0071422 0
0039141 0
0006188 0
0115804 0
0060439 0
0087234 0
0119019 0
0003150 0
0010424 0
0108079 0
0029044 0
0089618 0
0010647 0
0010119 0
0012427 0
0011380 0
0005001 0
0006208 0
0010288 0
0114873 0
0112507 0
0091274 0
0032313 0
0009026 0
0050082 0
0107271 0
0024978 0
0111079 0
0045186 0
0055706 0
0005883 0
0009040 0
0092134 0
0029679 0
0043703 0
0087449 0
0049841 0
0044064 0
0037189 0
0007531 0
0116664 0
0035323 0
0061909 0
0070445 0
0109921 0
0008702 0
0064997 0
0006761 0
0007268 0
0074717 0
0112674 0
0036955 0
0121056 0
0036767 0
0007948 0
0112902 0
0007919 0
0051522 0
0086284 0
0064703 0
0123576 0
0116425 0
0024748 0
0034085 0
0121453 0
0109194 0
0097022 0
0077693 0
0038742 0
0008894 0
0116646 0
0016573 0
0100069 0
0111215 0
0036394 0
0110097 0
0003339 0
0071065 0
0009074 0
0005729 0
0057004 0
0025185 0
0033769 0
0080389 0
0065190 0
0042379 0
0040819 0
0116548 0
0118788 0
0083228 0
0062834 0
0004867 0
0019975 0
0008519 0
0013665 0
0005077 0
0008198 0
0120598 0
0104738 0
0111404 0
0108757 0
0010036 0
0108932 0
0057526 0
0018942 0
0008009 0
0042725 0
0041571 0
0009589 0
0031623 0
0043680 0
0056569 0
0055236 0
0121366 0
0099441 0
0003710 0
0011269 0
0113204 0
0036426 0
0115178 0
0115473 0
0108777 0
0029320 0
0006515 0
0121170 0
0118411 0
0007917 0
0070490 0
0058205 0
0094308 0
0043562 0
0046724 0
0041788 0
0112943 0
0050249 0
0059213 0
0048741 0
0012673 0
0113659 0
0005007 0
0015402 0
0078124 0
0121320 0
0069418 0
0008773 0
0120471 0
0121114 0
0015792 0
0121378 0
0073547 0
0008120 0
0048010 0
0010232 0
0054105 0
0027662 0
0030745 0
0005226 0
0100959 0
0111689 0
0039133 0
0016158 0
0103646 0
0027672 0
0010387 0
0005778 0
0007822 0
0010976 0
0004604 0
0022699 0
0031507 0
0024821 0
0116869 0
0005878 0
0022924 0
0044893 0
0115052 0
0119514 0
0007266 0
0033043 0
0077599 0
0039921 0
0108755 0
0057916 0
0057867 0
0007253 0
0046251 0
0005152 0
0111290 0
0025908 0
0055915 0
0023329 0
0062956 0
0111158 0
0114328 0
0118520 0
0004438 0
0113004 0
0056950 0
0079683 0
0075722 0
0121291 0
0111567 0
0024135 0
0047262 0
0045328 0
0116352 0
0058360 0
0030493 0
0120621 0
0112534 0
0027335 0
0005462 0
0006442 0
0112764 0
0040458 0
0121084 0
0069040 0
0001201 0
0006519 0
0110911 0
0118789 0
0120770 0
0041035 0
0090279 0
0034561 0
0013758 0
0050647 0
0008878 0
0008977 0
0010050 0
0017455 0
0112987 0
0003412 0
0039958 0
0008293 0
0008957 0
0005493 0
0094631 0
0085806 0
0007770 0
0099363 0
0053370 0
0081737 0
0009853 0
0007020 0
0027439 0
0111186 0
0004403 0
0007499 0
0081345 0
0083724 0
0120846 0
0079008 0
0043800 0
0006122 0
0089747 0
0027167 0
0005560 0
0008601 0
0101465 0
0024895 0
0002218 0
0113929 0
0010159 0
0115881 0
0055628 0
0109887 0
0034594 0
0084332 0
0047339 0
0073983 0
0057787 0
0018149 0
0048377 0
0006930 0
0072663 0
0079745 0
0063642 0
0106358 0
0000440 0
0062880 0
0079875 0
0057249 0
0004686 0
0111508 0
0020785 0
0117617 0
0109567 0
0019811 0
0111952 0
0044477 0
0004506 0
0073411 0
0013423 0
0013837 0
0016954 0
0121500 0
0075268 0
0096659 0
0110226 0
0080810 0
0058882 0
0052198 0
0095318 0
0106025 0
0120027 0
0091483 0
0029822 0
0097008 0
0012393 0
0048495 0
0098081 0
0035677 0
0074304 0
0054363 0
0055260 0
0049161 0
0055148 0
0000262 0
0116940 0
0058037 0
0117899 0
0086992 0
0060072 0
0105635 0
0115526 0
0093342 0
0072020 0
0054480 0
0050926 0
0051980 0
0069417 0
0113261 0
0051656 0
0006497 0
0118257 0
0111621 0
0019542 0
0059765 0
0095850 0
0096449 0
0021565 0
0049651 0
0079873 0
0039700 0
0075972 0
0047296 0
0095360 0
0008499 0
0123902 0
0034761 0
0077977 0
0030236 0
0072158 0
0075783 0
0034695 0
0037261 0
0065286 0
0075372 0
0025149 0
0034275 0
0043766 0
0015583 0
0082210 0
0105808 0
0117346 0
0084960 0
0078812 0
0011852 0
0094604 0
0084950 0
0118958 0
0112607 0
0069450 0
0083376 0
0020539 0
0000950 0
0046396 0
0124583 0
0049427 0
0069137 0
0053882 0
0080222 0
0097852 0
0078057 0
0109275 0
0060883 0
0020960 0
0091518 0
0086071 0
0035543 0
0096892 0
0115382 0
0080598 0
0017862 0
0044090 0
0014382 0
0071724 0
0122916 0
0118311 0
0046131 0
0011857 0
0017308 0
0105281 0
0122083 0
0076069 0
0039979 0
0006091 0
0074057 0
0032132 0
0049433 0
0066496 0
0107239 0
0102143 0
0060004 0
0015697 0
0081307 0
0094463 0
0068103 0
0047449 0
0067901 0
0043852 0
0049918 0
0072342 0
0033531 0
0087368 0
0021856 0
0000591 0
0105841 0
0120252 0
0086767 0
0068174 0
0001359 0
0040556 0
0087000 0
0023756 0
0001843 0
0066499 0
0068707 0
0114924 0
0014743 0
0101670 0
0097786 0
0015361 0
0092101 0
0097539 0
0023220 0
0098229 0
0088188 0
0121230 0
0040301 0
0113139 0
0016225 0
0039418 0
0071823 0
0086021 0
0092782 0
0032413 0
0011579 0
0049243 0
0119894 0
0018195 0
0088836 0
0067459 0
0064849 0
0119756 0
0088045 0
0037200 0
0061897 0
0118233 0
0018299 0
0071922 0
0005949 0
0030183 0
0000494 0
0036043 0
0034079 0
0059212 0
0053977 0
0076700 0
0102312 0
0091595 0
0012566 0
0098921 0
0115577 0
0062807 0
0106557 0
0048678 0
0070585 0
0086034 0
0108386 0
0110683 0
0023380 0
0014431 0
0060202 0
0048358 0
0095382 0
0053475 0
0047622 0
0022930 0
0055175 0
0030775 0
0016685 0
0041202 0
0076723 0
0105679 0
0077570 0
0092479 0
0051586 0
0031723 0
0051683 0
0037316 0
0118200 0
0044840 0
0001404 0
0117874 0
0097559 0
0068407 0
0077927 0
0019956 0
0110790 0
0089077 0
0123648 0
0023952 0
0032999 0
0063085 0
0026728 0
0079552 0
0090302 0
0049242 0
0021876 0
0048425 0
0002820 0
0058881 0
0070472 0
0085455 0
0124246 0
0054513 0
0050867 0
0062071 0
0061894 0
0110389 0
0095805 0
0095719 0
0032716 0
0012459 0
0013128 0
0105400 0
0047191 0
0034897 0
0056114 0
0000614 0
0045448 0
0037011 0
0009228 0
0119587 0
0026050 0
0017802 0
0001805 0
0122941 0
0119097 0
0083784 0
0021852 0
0100273 0
0124340 0
0043010 0
0106521 0
0098709 0
0086002 0
0060261 0
0112062 0
0038668 0
0104356 0
0121319 0
0063551 0
0053227 0
0023665 0
0106448 0
0067914 0
0084838 0
0097052 0
0052401 0
0047759 0
0119699 0
0086860 0
0026998 0
0055078 0
0106849 0
0053749 0
0068630 0
0044014 0
0124781 0
0030891 0
0042575 0
0093102 0
0016989 0
0047891 0
0115684 0
0027244 0
0013083 0
0072939 0
0011587 0
0000182 0
0058928 0
0039595 0
0097924 0
0039852 0
0080532 0
0086385 0
0067305 0
0107618 0
0059737 0
0108224 0
0080585 0
0123151 0
0038031 0
0091134 0
0100994 0
0106795 0
0006754 0
0003903 0
0072844 0
0098228 0
0109572 0
0096207 0
0027575 0
0039622 0
0028314 0
0012407 0
0044116 0
0116241 0
0077595 0
0112893 0
0109890 0
0122828 0
0017084 0
0034346 0
0019114 0
0074170 0
0049578 0
0050988 0
0083684 0
0013129 0
0020762 0
0017608 0
0116310 0
0000499 0
0101462 0
0095252 0
0044627 0
0070464 0
0080856 0
0049445 0
0087091 0
0091200 0
0051557 0
0067420 0
0093023 0
0093028 0
0112466 0
0023516 0
0073490 0
0107753 0
0122996 0
0031816 0
0035573 0
0057307 0
0053543 0
0120190 0
0060892 0
0028793 0
0020726 0
0025718 0
0060831 0
0029437 0
0015786 0
0015435 0
0057016 0
0021818 0
0047563 0
0092774 0
0115949 0
0042609 0
0051409 0
0091736 0
0065873 0
0100833 0
0119182 0
0046217 0
0034384 0
0048206 0
0038889 0
0029724 0
0045322 0
0060010 0
0015394 0
0101109 0
0049935 0
0084612 0
0107027 0
0021124 0
0029422 0
0016829 0
0099413 0
0029145 0
0088222 0
0094059 0
0088956 0
0071137 0
0098425 0
0061712 0
0086500 0
0037983 0
0125148 0
0043030 0
0098426 0
0093987 0
0107426 0
0047121 0
0019311 0
0113243 0
0074458 0
0048528 0
0014418 0
0096547 0
0001933 0
0023814 0
0022798 0
0073934 0
0087278 0
0063011 0
0049678 0
0033255 0
0051543 0
0080628 0
0098845 0
0085040 0
0087974 0
0078906 0
0030816 0
0059817 0
0052419 0
0064123 0
0097716 0
0030742 0
0124072 0
0029970 0
0094203 0
0052263 0
0118954 0
0076713 0
0086730 0
0042247 0
0118063 0
0032128 0
0029064 0
0033582 0
0078507 0
0013788 0
0077258 0
0125174 0
0068933 0
0069289 0
0082157 0
0110033 0
0088964 0
0113367 0
0094782 0
0084996 0
0081043 0
