1 0003259
1 0003269
1 0003283
1 0003285
1 0003293
1 0003298
1 0003350
1 0003442
1 0003490
1 0003520
1 0003591
1 0003653
1 0003746
1 0003750
1 0003803
1 0003897
1 0004043
1 0004124
1 0004125
1 0004190
1 0004231
1 0004233
1 0004285
1 0004289
1 0004299
1 0004312
1 0004390
1 0004426
1 0004478
1 0004481
1 0004487
1 0004552
1 0004590
1 0004605
1 0004627
1 0004706
1 0004708
1 0004732
1 0004748
1 0004750
1 0004782
1 0004842
1 0004908
1 0004972
1 0004998
1 0005022
1 0005032
1 0005044
1 0005099
1 0005113
1 0005136
1 0005181
1 0005201
1 0005266
1 0005267
1 0005268
1 0005276
1 0005343
1 0005447
1 0005452
1 0005498
1 0005503
1 0005545
1 0005649
1 0005715
1 0005726
1 0005757
1 0005872
1 0005966
1 0005967
1 0006001
1 0006177
1 0006198
1 0006209
1 0006237
1 0006376
1 0006399
1 0006416
1 0006428
1 0006483
1 0006547
1 0006655
1 0006657
1 0006681
1 0006712
1 0006800
1 0006840
1 0006889
1 0006916
1 0007003
1 0007053
1 0007086
1 0007166
1 0007228
1 0007257
1 0007267
1 0007299
1 0007319
1 0007322
1 0007347
1 0007352
1 0007421
1 0007430
1 0007441
1 0007474
1 0007481
1 0007494
1 0007497
1 0007552
1 0007632
1 0007647
1 0007672
1 0007678
1 0007689
1 0007715
1 0007749
1 0007848
1 0007910
1 0007959
1 0007975
1 0008082
1 0008236
1 0008247
1 0008253
1 0008263
1 0008271
1 0008355
1 0008363
1 0008374
1 0008379
1 0008479
1 0008553
1 0008565
1 0008655
1 0008665
1 0008766
1 0008943
1 0009004
1 0009046
1 0009051
1 0009109
1 0009138
1 0009139
1 0009216
1 0009219
1 0009255
1 0009269
1 0009274
1 0009356
1 0009376
1 0009377
1 0009404
1 0009436
1 0009637
1 0009678
1 0009693
1 0009754
1 0009768
1 0009796
1 0009798
1 0009923
1 0009938
1 0009948
1 0009995
1 0009998
1 0010026
1 0010041
1 0010042
1 0010094
1 0010095
1 0010096
1 0010116
1 0010194
1 0010211
1 0010228
1 0010233
1 0010244
1 0010312
1 0010313
1 0010326
1 0010342
1 0010407
1 0010432
1 0010477
1 0010492
1 0010517
1 0010579
1 0010604
1 0010624
1 0010670
1 0010676
1 0010688
1 0010695
1 0010855
1 0010925
1 0010967
1 0011021
1 0011072
1 0011094
1 0011099
1 0011115
1 0011125
1 0011202
1 0011210
1 0011366
-1 0000411
-1 0000967
-1 0003311
-1 0003538
-1 0003560
-1 0003609
-1 0003655
-1 0003820
-1 0004083
-1 0004142
-1 0004237
-1 0004281
-1 0004307
-1 0004410
-1 0004455
-1 0004575
-1 0004705
-1 0004787
-1 0004815
-1 0004848
-1 0004897
-1 0005047
-1 0005082
-1 0005085
-1 0005172
-1 0005207
-1 0005289
-1 0005364
-1 0005461
-1 0005534
-1 0005560
-1 0005573
-1 0005648
-1 0005677
-1 0005762
-1 0006010
-1 0006017
-1 0006057
-1 0006175
-1 0006221
-1 0006270
-1 0006337
-1 0006379
-1 0006459
-1 0006502
-1 0006551
-1 0006588
-1 0006703
-1 0006747
-1 0006748
-1 0006765
-1 0006779
-1 0006787
-1 0006790
-1 0006914
-1 0006931
-1 0006950
-1 0006958
-1 0007020
-1 0007050
-1 0007165
-1 0007169
-1 0007199
-1 0007315
-1 0007320
-1 0007408
-1 0007429
-1 0007477
-1 0007514
-1 0007555
-1 0007619
-1 0007642
-1 0007644
-1 0007757
-1 0007859
-1 0007894
-1 0008097
-1 0008109
-1 0008309
-1 0008343
-1 0008450
-1 0008452
-1 0008528
-1 0008546
-1 0008552
-1 0008618
-1 0008635
-1 0008653
-1 0008677
-1 0008685
-1 0008720
-1 0008721
-1 0008863
-1 0008890
-1 0008942
-1 0008973
-1 0009050
-1 0009082
-1 0009222
-1 0009303
-1 0009332
-1 0009333
-1 0009403
-1 0009462
-1 0009486
-1 0009527
-1 0009553
-1 0009655
-1 0009668
-1 0009672
-1 0009682
-1 0009740
-1 0009787
-1 0009918
-1 0009981
-1 0010002
-1 0010018
-1 0010142
-1 0010184
-1 0010396
-1 0010427
-1 0010502
-1 0010545
-1 0010564
-1 0010607
-1 0010641
-1 0010648
-1 0010777
-1 0010894
-1 0010965
-1 0011029
-1 0011068
-1 0011140
-1 0011198
-1 0011273
-1 0011316
-1 0011359
-1 0011587
-1 0012803
-1 0015394
-1 0015697
-1 0016573
-1 0017308
-1 0017862
-1 0019811
-1 0020313
-1 0021565
-1 0021876
-1 0023329
-1 0028402
-1 0028793
-1 0029970
-1 0030472
-1 0032413
-1 0033769
-1 0034505
-1 0034695
-1 0036394
-1 0036767
-1 0037011
-1 0037261
-1 0037316
-1 0037983
-1 0041571
-1 0041788
-1 0043010
-1 0043800
-1 0046288
-1 0047622
-1 0048010
-1 0048741
-1 0049651
-1 0050926
-1 0051656
-1 0051681
-1 0055915
-1 0058360
-1 0060439
-1 0060737
-1 0064997
-1 0065190
-1 0069040
-1 0069450
-1 0070490
-1 0073934
-1 0075500
-1 0077567
-1 0077693
-1 0081737
-1 0086706
-1 0089618
-1 0091134
-1 0091274
-1 0092134
-1 0095318
-1 0097559
-1 0101670
-1 0109572
-1 0109921
-1 0112674
-1 0112987
-1 0114443
-1 0117790
-1 0118520
-1 0119475
-1 0119850
-1 0121378
-1 0122941
